
=== Payroll for Manuel III Garcia ===
Week Start,Hours Worked,Gross Pay,Taxable Pay,SSS,Pag-IBIG,PhilHealth,Withholding Tax,Gross Deductions,Net Pay
06/03/2024,43.65,23,383.74,22,852.49,281.25,25.00,225.00,4,458.23,4,989.48,22,894.27
06/10/2024,45.48,24,364.09,23,832.84,281.25,25.00,225.00,4,458.23,4,989.48,23,874.62
06/17/2024,42.50,22,767.68,22,236.43,281.25,25.00,225.00,4,458.23,4,989.48,22,278.20
06/24/2024,38.82,20,796.26,20,265.01,281.25,25.00,225.00,4,458.23,4,989.48,20,306.79
07/01/2024,42.02,22,510.53,21,979.28,281.25,25.00,225.00,4,458.23,4,989.48,22,021.06
07/08/2024,40.08,21,471.26,20,940.01,281.25,25.00,225.00,4,458.23,4,989.48,20,981.78
07/15/2024,40.68,21,792.68,21,261.43,281.25,25.00,225.00,4,458.23,4,989.48,21,303.21
07/22/2024,41.00,21,964.11,21,432.86,281.25,25.00,225.00,4,458.23,4,989.48,21,474.64
07/29/2024,41.28,22,114.11,21,582.86,281.25,25.00,225.00,4,458.23,4,989.48,21,624.63
08/05/2024,36.17,19,376.63,18,845.38,281.25,25.00,225.00,4,458.23,4,989.48,18,887.16
08/12/2024,40.57,21,733.75,21,202.50,281.25,25.00,225.00,4,458.23,4,989.48,21,244.28
08/19/2024,36.60,19,606.99,19,075.74,281.25,25.00,225.00,4,458.23,4,989.48,19,117.51
08/26/2024,43.63,23,373.03,22,841.78,281.25,25.00,225.00,4,458.23,4,989.48,22,883.55
09/02/2024,41.02,21,974.82,21,443.57,281.25,25.00,225.00,4,458.23,4,989.48,21,485.35
09/09/2024,37.35,20,008.77,19,477.52,281.25,25.00,225.00,4,458.23,4,989.48,19,519.29
09/16/2024,39.93,21,390.90,20,859.65,281.25,25.00,225.00,4,458.23,4,989.48,20,901.43
09/23/2024,37.23,19,944.48,19,413.23,281.25,25.00,225.00,4,458.23,4,989.48,19,455.01
09/30/2024,39.42,21,117.69,20,586.44,281.25,25.00,225.00,4,458.23,4,989.48,20,628.21
10/07/2024,40.35,21,615.90,21,084.65,281.25,25.00,225.00,4,458.23,4,989.48,21,126.42
10/14/2024,45.25,24,240.88,23,709.63,281.25,25.00,225.00,4,458.23,4,989.48,23,751.40
10/21/2024,36.97,19,805.20,19,273.95,281.25,25.00,225.00,4,458.23,4,989.48,19,315.72
10/28/2024,41.37,22,162.32,21,631.07,281.25,25.00,225.00,4,458.23,4,989.48,21,672.85
11/04/2024,39.93,21,390.90,20,859.65,281.25,25.00,225.00,4,458.23,4,989.48,20,901.43
11/11/2024,34.73,18,605.21,18,073.96,281.25,25.00,225.00,4,458.23,4,989.48,18,115.73
11/18/2024,38.38,20,560.55,20,029.30,281.25,25.00,225.00,4,458.23,4,989.48,20,071.07
11/25/2024,47.15,25,258.73,24,727.48,281.25,25.00,225.00,4,458.23,4,989.48,24,769.25
12/02/2024,39.60,21,214.12,20,682.87,281.25,25.00,225.00,4,458.23,4,989.48,20,724.64
12/09/2024,38.77,20,769.48,20,238.23,281.25,25.00,225.00,4,458.23,4,989.48,20,280.00
12/16/2024,40.50,21,696.26,21,165.01,281.25,25.00,225.00,4,458.23,4,989.48,21,206.78
12/23/2024,41.72,22,349.82,21,818.57,281.25,25.00,225.00,4,458.23,4,989.48,21,860.35
12/30/2024,15.92,8,528.50,7,997.25,281.25,25.00,225.00,4,458.23,4,989.48,8,039.03

=== Payroll for Antonio Lim ===
Week Start,Hours Worked,Gross Pay,Taxable Pay,SSS,Pag-IBIG,PhilHealth,Withholding Tax,Gross Deductions,Net Pay
06/03/2024,44.42,15,864.16,15,332.91,281.25,25.00,225.00,2,291.69,2,822.94,17,541.22
06/10/2024,43.97,15,703.45,15,172.20,281.25,25.00,225.00,2,291.69,2,822.94,17,380.51
06/17/2024,41.25,14,732.02,14,200.77,281.25,25.00,225.00,2,291.69,2,822.94,16,409.09
06/24/2024,41.50,14,821.31,14,290.06,281.25,25.00,225.00,2,291.69,2,822.94,16,498.37
07/01/2024,36.20,12,928.47,12,397.22,281.25,25.00,225.00,2,291.69,2,822.94,14,605.53
07/08/2024,38.98,13,921.32,13,390.07,281.25,25.00,225.00,2,291.69,2,822.94,15,598.38
07/15/2024,35.60,12,714.18,12,182.93,281.25,25.00,225.00,2,291.69,2,822.94,14,391.25
07/22/2024,37.30,13,321.32,12,790.07,281.25,25.00,225.00,2,291.69,2,822.94,14,998.38
07/29/2024,40.83,14,582.03,14,050.78,281.25,25.00,225.00,2,291.69,2,822.94,16,259.09
08/05/2024,39.87,14,239.17,13,707.92,281.25,25.00,225.00,2,291.69,2,822.94,15,916.23
08/12/2024,40.97,14,632.03,14,100.78,281.25,25.00,225.00,2,291.69,2,822.94,16,309.09
08/19/2024,42.33,15,117.74,14,586.49,281.25,25.00,225.00,2,291.69,2,822.94,16,794.80
08/26/2024,39.88,14,242.74,13,711.49,281.25,25.00,225.00,2,291.69,2,822.94,15,919.81
09/02/2024,37.72,13,471.32,12,940.07,281.25,25.00,225.00,2,291.69,2,822.94,15,148.38
09/09/2024,42.60,15,214.16,14,682.91,281.25,25.00,225.00,2,291.69,2,822.94,16,891.23
09/16/2024,39.37,14,060.60,13,529.35,281.25,25.00,225.00,2,291.69,2,822.94,15,737.66
09/23/2024,37.00,13,214.18,12,682.93,281.25,25.00,225.00,2,291.69,2,822.94,14,891.24
09/30/2024,42.05,15,017.74,14,486.49,281.25,25.00,225.00,2,291.69,2,822.94,16,694.80
10/07/2024,43.57,15,560.59,15,029.34,281.25,25.00,225.00,2,291.69,2,822.94,17,237.65
10/14/2024,39.97,14,274.89,13,743.64,281.25,25.00,225.00,2,291.69,2,822.94,15,951.95
10/21/2024,37.23,13,296.32,12,765.07,281.25,25.00,225.00,2,291.69,2,822.94,14,973.38
10/28/2024,40.37,14,417.74,13,886.49,281.25,25.00,225.00,2,291.69,2,822.94,16,094.80
11/04/2024,42.35,15,124.88,14,593.63,281.25,25.00,225.00,2,291.69,2,822.94,16,801.94
11/11/2024,39.00,13,928.46,13,397.21,281.25,25.00,225.00,2,291.69,2,822.94,15,605.52
11/18/2024,41.53,14,832.02,14,300.77,281.25,25.00,225.00,2,291.69,2,822.94,16,509.09
11/25/2024,40.65,14,517.74,13,986.49,281.25,25.00,225.00,2,291.69,2,822.94,16,194.80
12/02/2024,34.73,12,403.47,11,872.22,281.25,25.00,225.00,2,291.69,2,822.94,14,080.53
12/09/2024,39.87,14,239.17,13,707.92,281.25,25.00,225.00,2,291.69,2,822.94,15,916.23
12/16/2024,39.78,14,207.03,13,675.78,281.25,25.00,225.00,2,291.69,2,822.94,15,884.09
12/23/2024,39.30,14,035.60,13,504.35,281.25,25.00,225.00,2,291.69,2,822.94,15,712.66
12/30/2024,12.63,4,510.68,3,979.43,281.25,25.00,225.00,2,291.69,2,822.94,6,187.74

=== Payroll for Bianca Sofia Aquino ===
Week Start,Hours Worked,Gross Pay,Taxable Pay,SSS,Pag-IBIG,PhilHealth,Withholding Tax,Gross Deductions,Net Pay
06/03/2024,40.22,14,364.17,13,832.92,281.25,25.00,225.00,2,291.69,2,822.94,16,041.23
06/10/2024,38.95,13,910.60,13,379.35,281.25,25.00,225.00,2,291.69,2,822.94,15,587.67
06/17/2024,41.02,14,649.88,14,118.63,281.25,25.00,225.00,2,291.69,2,822.94,16,326.95
06/24/2024,35.60,12,714.18,12,182.93,281.25,25.00,225.00,2,291.69,2,822.94,14,391.25
07/01/2024,39.37,14,060.60,13,529.35,281.25,25.00,225.00,2,291.69,2,822.94,15,737.66
07/08/2024,44.17,15,774.87,15,243.62,281.25,25.00,225.00,2,291.69,2,822.94,17,451.94
07/15/2024,35.95,12,839.18,12,307.93,281.25,25.00,225.00,2,291.69,2,822.94,14,516.25
07/22/2024,42.55,15,196.31,14,665.06,281.25,25.00,225.00,2,291.69,2,822.94,16,873.37
07/29/2024,44.80,15,999.87,15,468.62,281.25,25.00,225.00,2,291.69,2,822.94,17,676.93
08/05/2024,40.17,14,346.31,13,815.06,281.25,25.00,225.00,2,291.69,2,822.94,16,023.38
08/12/2024,37.15,13,267.75,12,736.50,281.25,25.00,225.00,2,291.69,2,822.94,14,944.81
08/19/2024,39.22,14,007.03,13,475.78,281.25,25.00,225.00,2,291.69,2,822.94,15,684.09
08/26/2024,42.48,15,171.31,14,640.06,281.25,25.00,225.00,2,291.69,2,822.94,16,848.37
09/02/2024,38.43,13,724.89,13,193.64,281.25,25.00,225.00,2,291.69,2,822.94,15,401.95
09/09/2024,40.70,14,535.60,14,004.35,281.25,25.00,225.00,2,291.69,2,822.94,16,212.66
09/16/2024,38.68,13,814.18,13,282.93,281.25,25.00,225.00,2,291.69,2,822.94,15,491.24
09/23/2024,37.35,13,339.18,12,807.93,281.25,25.00,225.00,2,291.69,2,822.94,15,016.24
09/30/2024,40.45,14,446.31,13,915.06,281.25,25.00,225.00,2,291.69,2,822.94,16,123.38
10/07/2024,40.43,14,439.17,13,907.92,281.25,25.00,225.00,2,291.69,2,822.94,16,116.23
10/14/2024,41.15,14,696.31,14,165.06,281.25,25.00,225.00,2,291.69,2,822.94,16,373.37
10/21/2024,40.87,14,596.31,14,065.06,281.25,25.00,225.00,2,291.69,2,822.94,16,273.37
10/28/2024,36.42,13,007.04,12,475.79,281.25,25.00,225.00,2,291.69,2,822.94,14,684.10
11/04/2024,42.68,15,242.74,14,711.49,281.25,25.00,225.00,2,291.69,2,822.94,16,919.80
11/11/2024,42.37,15,132.02,14,600.77,281.25,25.00,225.00,2,291.69,2,822.94,16,809.08
11/18/2024,43.72,15,614.16,15,082.91,281.25,25.00,225.00,2,291.69,2,822.94,17,291.22
11/25/2024,39.80,14,214.17,13,682.92,281.25,25.00,225.00,2,291.69,2,822.94,15,891.23
12/02/2024,39.12,13,971.32,13,440.07,281.25,25.00,225.00,2,291.69,2,822.94,15,648.38
12/09/2024,37.25,13,303.47,12,772.22,281.25,25.00,225.00,2,291.69,2,822.94,14,980.53
12/16/2024,39.13,13,974.89,13,443.64,281.25,25.00,225.00,2,291.69,2,822.94,15,651.95
12/23/2024,36.80,13,142.75,12,611.50,281.25,25.00,225.00,2,291.69,2,822.94,14,819.81
12/30/2024,16.68,5,957.10,5,425.85,281.25,25.00,225.00,2,291.69,2,822.94,7,634.16

=== Payroll for Isabella Reyes ===
Week Start,Hours Worked,Gross Pay,Taxable Pay,SSS,Pag-IBIG,PhilHealth,Withholding Tax,Gross Deductions,Net Pay
06/03/2024,35.80,12,785.61,12,254.36,281.25,25.00,225.00,2,291.69,2,822.94,14,462.67
06/10/2024,40.93,14,617.74,14,086.49,281.25,25.00,225.00,2,291.69,2,822.94,16,294.80
06/17/2024,38.95,13,910.60,13,379.35,281.25,25.00,225.00,2,291.69,2,822.94,15,587.67
06/24/2024,38.58,13,778.46,13,247.21,281.25,25.00,225.00,2,291.69,2,822.94,15,455.52
07/01/2024,43.05,15,374.88,14,843.63,281.25,25.00,225.00,2,291.69,2,822.94,17,051.94
07/08/2024,41.52,14,828.45,14,297.20,281.25,25.00,225.00,2,291.69,2,822.94,16,505.52
07/15/2024,34.77,12,417.76,11,886.51,281.25,25.00,225.00,2,291.69,2,822.94,14,094.82
07/22/2024,43.28,15,457.02,14,925.77,281.25,25.00,225.00,2,291.69,2,822.94,17,134.08
07/29/2024,38.60,13,785.60,13,254.35,281.25,25.00,225.00,2,291.69,2,822.94,15,462.67
08/05/2024,40.02,14,292.74,13,761.49,281.25,25.00,225.00,2,291.69,2,822.94,15,969.81
08/12/2024,42.15,15,053.45,14,522.20,281.25,25.00,225.00,2,291.69,2,822.94,16,730.51
08/19/2024,37.38,13,349.89,12,818.64,281.25,25.00,225.00,2,291.69,2,822.94,15,026.96
08/26/2024,37.42,13,364.18,12,832.93,281.25,25.00,225.00,2,291.69,2,822.94,15,041.24
09/02/2024,40.33,14,403.46,13,872.21,281.25,25.00,225.00,2,291.69,2,822.94,16,080.52
09/09/2024,41.58,14,849.88,14,318.63,281.25,25.00,225.00,2,291.69,2,822.94,16,526.94
09/16/2024,38.78,13,849.89,13,318.64,281.25,25.00,225.00,2,291.69,2,822.94,15,526.95
09/23/2024,40.22,14,364.17,13,832.92,281.25,25.00,225.00,2,291.69,2,822.94,16,041.23
09/30/2024,41.88,14,957.02,14,425.77,281.25,25.00,225.00,2,291.69,2,822.94,16,634.09
10/07/2024,38.08,13,599.89,13,068.64,281.25,25.00,225.00,2,291.69,2,822.94,15,276.95
10/14/2024,41.27,14,739.17,14,207.92,281.25,25.00,225.00,2,291.69,2,822.94,16,416.23
10/21/2024,36.22,12,935.61,12,404.36,281.25,25.00,225.00,2,291.69,2,822.94,14,612.67
10/28/2024,38.38,13,707.03,13,175.78,281.25,25.00,225.00,2,291.69,2,822.94,15,384.10
11/04/2024,39.32,14,042.74,13,511.49,281.25,25.00,225.00,2,291.69,2,822.94,15,719.81
11/11/2024,41.88,14,957.02,14,425.77,281.25,25.00,225.00,2,291.69,2,822.94,16,634.09
11/18/2024,36.03,12,867.75,12,336.50,281.25,25.00,225.00,2,291.69,2,822.94,14,544.82
11/25/2024,41.25,14,732.02,14,200.77,281.25,25.00,225.00,2,291.69,2,822.94,16,409.09
12/02/2024,34.10,12,178.47,11,647.22,281.25,25.00,225.00,2,291.69,2,822.94,13,855.54
12/09/2024,44.08,15,742.73,15,211.48,281.25,25.00,225.00,2,291.69,2,822.94,17,419.79
12/16/2024,45.62,16,292.73,15,761.48,281.25,25.00,225.00,2,291.69,2,822.94,17,969.79
12/23/2024,42.63,15,224.88,14,693.63,281.25,25.00,225.00,2,291.69,2,822.94,16,901.94
12/30/2024,16.03,5,724.95,5,193.70,281.25,25.00,225.00,2,291.69,2,822.94,7,402.02

=== Payroll for Eduard Hernandez ===
Week Start,Hours Worked,Gross Pay,Taxable Pay,SSS,Pag-IBIG,PhilHealth,Withholding Tax,Gross Deductions,Net Pay
06/03/2024,38.45,12,054.46,11,550.70,281.25,25.00,197.51,1,833.56,2,337.32,13,217.13
06/10/2024,36.32,11,386.68,10,882.92,281.25,25.00,197.51,1,833.56,2,337.32,12,549.36
06/17/2024,37.50,11,756.62,11,252.86,281.25,25.00,197.51,1,833.56,2,337.32,12,919.30
06/24/2024,40.77,12,781.80,12,278.04,281.25,25.00,197.51,1,833.56,2,337.32,13,944.48
07/01/2024,38.88,12,189.27,11,685.51,281.25,25.00,197.51,1,833.56,2,337.32,13,351.94
07/08/2024,36.90,11,568.52,11,064.76,281.25,25.00,197.51,1,833.56,2,337.32,12,731.19
07/15/2024,41.52,13,016.94,12,513.17,281.25,25.00,197.51,1,833.56,2,337.32,14,179.61
07/22/2024,35.47,11,120.20,10,616.44,281.25,25.00,197.51,1,833.56,2,337.32,12,282.87
07/29/2024,34.95,10,957.17,10,453.41,281.25,25.00,197.51,1,833.56,2,337.32,12,119.85
08/05/2024,36.60,11,474.47,10,970.70,281.25,25.00,197.51,1,833.56,2,337.32,12,637.14
08/12/2024,42.52,13,330.45,12,826.68,281.25,25.00,197.51,1,833.56,2,337.32,14,493.12
08/19/2024,37.40,11,725.27,11,221.51,281.25,25.00,197.51,1,833.56,2,337.32,12,887.95
08/26/2024,41.03,12,863.32,12,359.55,281.25,25.00,197.51,1,833.56,2,337.32,14,025.99
09/02/2024,39.18,12,283.32,11,779.56,281.25,25.00,197.51,1,833.56,2,337.32,13,446.00
09/09/2024,41.17,12,907.21,12,403.44,281.25,25.00,197.51,1,833.56,2,337.32,14,069.88
09/16/2024,39.68,12,440.08,11,936.31,281.25,25.00,197.51,1,833.56,2,337.32,13,602.75
09/23/2024,43.47,13,628.28,13,124.52,281.25,25.00,197.51,1,833.56,2,337.32,14,790.95
09/30/2024,42.12,13,205.04,12,701.28,281.25,25.00,197.51,1,833.56,2,337.32,14,367.72
10/07/2024,39.28,12,314.67,11,810.91,281.25,25.00,197.51,1,833.56,2,337.32,13,477.35
10/14/2024,43.03,13,490.34,12,986.57,281.25,25.00,197.51,1,833.56,2,337.32,14,653.01
10/21/2024,39.17,12,280.19,11,776.42,281.25,25.00,197.51,1,833.56,2,337.32,13,442.86
10/28/2024,40.22,12,609.37,12,105.61,281.25,25.00,197.51,1,833.56,2,337.32,13,772.05
11/04/2024,37.12,11,637.49,11,133.73,281.25,25.00,197.51,1,833.56,2,337.32,12,800.17
11/11/2024,39.20,12,289.59,11,785.83,281.25,25.00,197.51,1,833.56,2,337.32,13,452.27
11/18/2024,39.75,12,462.02,11,958.26,281.25,25.00,197.51,1,833.56,2,337.32,13,624.70
11/25/2024,42.70,13,386.88,12,883.11,281.25,25.00,197.51,1,833.56,2,337.32,14,549.55
12/02/2024,39.25,12,305.27,11,801.50,281.25,25.00,197.51,1,833.56,2,337.32,13,467.94
12/09/2024,39.05,12,242.57,11,738.80,281.25,25.00,197.51,1,833.56,2,337.32,13,405.24
12/16/2024,36.73,11,515.22,11,011.46,281.25,25.00,197.51,1,833.56,2,337.32,12,677.90
12/23/2024,42.57,13,346.12,12,842.36,281.25,25.00,197.51,1,833.56,2,337.32,14,508.80
12/30/2024,14.10,4,420.49,3,916.73,281.25,25.00,197.51,1,833.56,2,337.32,5,583.17

=== Payroll for Andrea Mae Villanueva ===
Week Start,Hours Worked,Gross Pay,Taxable Pay,SSS,Pag-IBIG,PhilHealth,Withholding Tax,Gross Deductions,Net Pay
06/03/2024,40.92,12,828.83,12,325.07,281.25,25.00,197.51,1,833.56,2,337.32,13,991.50
06/10/2024,38.62,12,107.76,11,603.99,281.25,25.00,197.51,1,833.56,2,337.32,13,270.43
06/17/2024,39.23,12,299.00,11,795.23,281.25,25.00,197.51,1,833.56,2,337.32,13,461.67
06/24/2024,43.40,13,606.33,13,102.57,281.25,25.00,197.51,1,833.56,2,337.32,14,769.01
07/01/2024,36.48,11,436.84,10,933.08,281.25,25.00,197.51,1,833.56,2,337.32,12,599.52
07/08/2024,36.72,11,512.09,11,008.32,281.25,25.00,197.51,1,833.56,2,337.32,12,674.76
07/15/2024,43.00,13,480.93,12,977.17,281.25,25.00,197.51,1,833.56,2,337.32,14,643.60
07/22/2024,36.63,11,483.87,10,980.11,281.25,25.00,197.51,1,833.56,2,337.32,12,646.55
07/29/2024,40.57,12,719.10,12,215.34,281.25,25.00,197.51,1,833.56,2,337.32,13,881.78
08/05/2024,39.72,12,452.62,11,948.85,281.25,25.00,197.51,1,833.56,2,337.32,13,615.29
08/12/2024,37.13,11,640.63,11,136.86,281.25,25.00,197.51,1,833.56,2,337.32,12,803.30
08/19/2024,42.32,13,267.74,12,763.98,281.25,25.00,197.51,1,833.56,2,337.32,14,430.42
08/26/2024,42.27,13,252.07,12,748.31,281.25,25.00,197.51,1,833.56,2,337.32,14,414.74
09/02/2024,38.88,12,189.27,11,685.51,281.25,25.00,197.51,1,833.56,2,337.32,13,351.94
09/09/2024,40.43,12,675.21,12,171.45,281.25,25.00,197.51,1,833.56,2,337.32,13,837.88
09/16/2024,37.42,11,731.54,11,227.78,281.25,25.00,197.51,1,833.56,2,337.32,12,894.22
09/23/2024,35.30,11,066.90,10,563.14,281.25,25.00,197.51,1,833.56,2,337.32,12,229.58
09/30/2024,39.77,12,468.29,11,964.53,281.25,25.00,197.51,1,833.56,2,337.32,13,630.97
10/07/2024,42.28,13,255.20,12,751.44,281.25,25.00,197.51,1,833.56,2,337.32,14,417.88
10/14/2024,36.18,11,342.79,10,839.03,281.25,25.00,197.51,1,833.56,2,337.32,12,505.47
10/21/2024,37.42,11,731.54,11,227.78,281.25,25.00,197.51,1,833.56,2,337.32,12,894.22
10/28/2024,39.77,12,468.29,11,964.53,281.25,25.00,197.51,1,833.56,2,337.32,13,630.97
11/04/2024,41.45,12,994.99,12,491.23,281.25,25.00,197.51,1,833.56,2,337.32,14,157.66
11/11/2024,39.15,12,273.92,11,770.15,281.25,25.00,197.51,1,833.56,2,337.32,13,436.59
11/18/2024,37.65,11,803.65,11,299.89,281.25,25.00,197.51,1,833.56,2,337.32,12,966.33
11/25/2024,43.03,13,490.34,12,986.57,281.25,25.00,197.51,1,833.56,2,337.32,14,653.01
12/02/2024,43.62,13,675.31,13,171.54,281.25,25.00,197.51,1,833.56,2,337.32,14,837.98
12/09/2024,36.03,11,295.77,10,792.00,281.25,25.00,197.51,1,833.56,2,337.32,12,458.44
12/16/2024,42.07,13,189.37,12,685.60,281.25,25.00,197.51,1,833.56,2,337.32,14,352.04
12/23/2024,46.03,14,430.87,13,927.10,281.25,25.00,197.51,1,833.56,2,337.32,15,593.54
12/30/2024,16.25,5,094.54,4,590.77,281.25,25.00,197.51,1,833.56,2,337.32,6,257.21

=== Payroll for Brad  San Jose ===
Week Start,Hours Worked,Gross Pay,Taxable Pay,SSS,Pag-IBIG,PhilHealth,Withholding Tax,Gross Deductions,Net Pay
06/03/2024,34.83,8,909.51,8,442.11,281.25,25.00,161.16,1,227.62,1,695.03,10,314.48
06/10/2024,35.37,9,047.65,8,580.24,281.25,25.00,161.16,1,227.62,1,695.03,10,452.61
06/17/2024,39.50,10,104.10,9,636.69,281.25,25.00,161.16,1,227.62,1,695.03,11,509.07
06/24/2024,40.40,10,334.32,9,866.91,281.25,25.00,161.16,1,227.62,1,695.03,11,739.29
07/01/2024,39.90,10,206.42,9,739.01,281.25,25.00,161.16,1,227.62,1,695.03,11,611.39
07/08/2024,46.23,11,825.63,11,358.23,281.25,25.00,161.16,1,227.62,1,695.03,13,230.60
07/15/2024,40.08,10,252.46,9,785.06,281.25,25.00,161.16,1,227.62,1,695.03,11,657.43
07/22/2024,38.37,9,815.05,9,347.64,281.25,25.00,161.16,1,227.62,1,695.03,11,220.01
07/29/2024,43.12,11,030.10,10,562.69,281.25,25.00,161.16,1,227.62,1,695.03,12,435.06
08/05/2024,40.20,10,283.16,9,815.75,281.25,25.00,161.16,1,227.62,1,695.03,11,688.13
08/12/2024,37.57,9,610.41,9,143.00,281.25,25.00,161.16,1,227.62,1,695.03,11,015.37
08/19/2024,43.73,11,186.13,10,718.73,281.25,25.00,161.16,1,227.62,1,695.03,12,591.10
08/26/2024,43.25,11,063.35,10,595.94,281.25,25.00,161.16,1,227.62,1,695.03,12,468.32
09/02/2024,41.18,10,533.84,10,066.44,281.25,25.00,161.16,1,227.62,1,695.03,11,938.81
09/09/2024,34.95,8,940.21,8,472.80,281.25,25.00,161.16,1,227.62,1,695.03,10,345.18
09/16/2024,39.43,10,086.19,9,618.79,281.25,25.00,161.16,1,227.62,1,695.03,11,491.16
09/23/2024,36.68,9,382.74,8,915.34,281.25,25.00,161.16,1,227.62,1,695.03,10,787.71
09/30/2024,40.58,10,380.36,9,912.96,281.25,25.00,161.16,1,227.62,1,695.03,11,785.33
10/07/2024,36.92,9,444.14,8,976.73,281.25,25.00,161.16,1,227.62,1,695.03,10,849.10
10/14/2024,38.70,9,899.46,9,432.05,281.25,25.00,161.16,1,227.62,1,695.03,11,304.43
10/21/2024,42.72,10,927.78,10,460.37,281.25,25.00,161.16,1,227.62,1,695.03,12,332.74
10/28/2024,37.32,9,546.46,9,079.05,281.25,25.00,161.16,1,227.62,1,695.03,10,951.42
11/04/2024,45.93,11,748.89,11,281.49,281.25,25.00,161.16,1,227.62,1,695.03,13,153.86
11/11/2024,44.23,11,314.03,10,846.63,281.25,25.00,161.16,1,227.62,1,695.03,12,719.00
11/18/2024,35.70,9,132.06,8,664.65,281.25,25.00,161.16,1,227.62,1,695.03,10,537.03
11/25/2024,39.13,10,009.45,9,542.05,281.25,25.00,161.16,1,227.62,1,695.03,11,414.42
12/02/2024,40.77,10,428.97,9,961.56,281.25,25.00,161.16,1,227.62,1,695.03,11,833.93
12/09/2024,42.02,10,748.72,10,281.31,281.25,25.00,161.16,1,227.62,1,695.03,12,153.68
12/16/2024,36.73,9,395.53,8,928.13,281.25,25.00,161.16,1,227.62,1,695.03,10,800.50
12/23/2024,35.50,9,080.90,8,613.49,281.25,25.00,161.16,1,227.62,1,695.03,10,485.87
12/30/2024,18.25,4,668.35,4,200.94,281.25,25.00,161.16,1,227.62,1,695.03,6,073.32

=== Payroll for Alice Romualdez ===
Week Start,Hours Worked,Gross Pay,Taxable Pay,SSS,Pag-IBIG,PhilHealth,Withholding Tax,Gross Deductions,Net Pay
06/03/2024,37.03,4,959.43,4,602.55,247.50,25.00,84.38,83.35,440.23,7,019.20
06/10/2024,42.18,5,649.17,5,292.29,247.50,25.00,84.38,83.35,440.23,7,708.94
06/17/2024,36.00,4,821.48,4,464.61,247.50,25.00,84.38,83.35,440.23,6,881.26
06/24/2024,39.63,5,307.65,4,950.77,247.50,25.00,84.38,83.35,440.23,7,367.42
07/01/2024,37.38,5,006.30,4,649.43,247.50,25.00,84.38,83.35,440.23,7,066.08
07/08/2024,42.38,5,675.95,5,319.08,247.50,25.00,84.38,83.35,440.23,7,735.73
07/15/2024,38.45,5,149.61,4,792.73,247.50,25.00,84.38,83.35,440.23,7,209.38
07/22/2024,43.80,5,866.13,5,509.26,247.50,25.00,84.38,83.35,440.23,7,925.91
07/29/2024,41.83,5,602.29,5,245.42,247.50,25.00,84.38,83.35,440.23,7,662.07
08/05/2024,41.08,5,501.84,5,144.97,247.50,25.00,84.38,83.35,440.23,7,561.62
08/12/2024,39.23,5,254.07,4,897.20,247.50,25.00,84.38,83.35,440.23,7,313.85
08/19/2024,42.37,5,674.61,5,317.74,247.50,25.00,84.38,83.35,440.23,7,734.39
08/26/2024,44.85,6,006.76,5,649.89,247.50,25.00,84.38,83.35,440.23,8,066.54
09/02/2024,41.17,5,513.90,5,157.02,247.50,25.00,84.38,83.35,440.23,7,573.67
09/09/2024,37.47,5,018.36,4,661.48,247.50,25.00,84.38,83.35,440.23,7,078.13
09/16/2024,41.70,5,584.88,5,228.01,247.50,25.00,84.38,83.35,440.23,7,644.66
09/23/2024,42.32,5,667.92,5,311.04,247.50,25.00,84.38,83.35,440.23,7,727.69
09/30/2024,42.63,5,709.44,5,352.56,247.50,25.00,84.38,83.35,440.23,7,769.21
10/07/2024,40.05,5,363.90,5,007.02,247.50,25.00,84.38,83.35,440.23,7,423.67
10/14/2024,42.48,5,689.35,5,332.47,247.50,25.00,84.38,83.35,440.23,7,749.12
10/21/2024,37.70,5,049.16,4,692.29,247.50,25.00,84.38,83.35,440.23,7,108.94
10/28/2024,42.18,5,649.17,5,292.29,247.50,25.00,84.38,83.35,440.23,7,708.94
11/04/2024,42.87,5,741.58,5,384.70,247.50,25.00,84.38,83.35,440.23,7,801.35
11/11/2024,37.85,5,069.25,4,712.38,247.50,25.00,84.38,83.35,440.23,7,129.03
11/18/2024,38.58,5,167.02,4,810.14,247.50,25.00,84.38,83.35,440.23,7,226.79
11/25/2024,41.05,5,497.83,5,140.95,247.50,25.00,84.38,83.35,440.23,7,557.60
12/02/2024,39.15,5,243.36,4,886.48,247.50,25.00,84.38,83.35,440.23,7,303.13
12/09/2024,42.10,5,638.45,5,281.58,247.50,25.00,84.38,83.35,440.23,7,698.23
12/16/2024,44.88,6,010.78,5,653.90,247.50,25.00,84.38,83.35,440.23,8,070.55
12/23/2024,40.75,5,457.65,5,100.77,247.50,25.00,84.38,83.35,440.23,7,517.42
12/30/2024,15.92,2,132.17,1,775.29,247.50,25.00,84.38,83.35,440.23,4,191.94

=== Payroll for Rosie  Atienza ===
Week Start,Hours Worked,Gross Pay,Taxable Pay,SSS,Pag-IBIG,PhilHealth,Withholding Tax,Gross Deductions,Net Pay
06/03/2024,39.93,5,347.82,4,990.95,247.50,25.00,84.38,83.35,440.23,7,407.60
06/10/2024,40.77,5,460.33,5,103.45,247.50,25.00,84.38,83.35,440.23,7,520.10
06/17/2024,41.15,5,511.22,5,154.34,247.50,25.00,84.38,83.35,440.23,7,570.99
06/24/2024,39.67,5,313.00,4,956.13,247.50,25.00,84.38,83.35,440.23,7,372.78
07/01/2024,36.20,4,848.27,4,491.39,247.50,25.00,84.38,83.35,440.23,6,908.04
07/08/2024,36.72,4,917.91,4,561.03,247.50,25.00,84.38,83.35,440.23,6,977.68
07/15/2024,38.42,5,145.59,4,788.72,247.50,25.00,84.38,83.35,440.23,7,205.37
07/22/2024,44.62,5,975.96,5,619.08,247.50,25.00,84.38,83.35,440.23,8,035.73
07/29/2024,37.78,5,059.88,4,703.00,247.50,25.00,84.38,83.35,440.23,7,119.65
08/05/2024,42.08,5,635.77,5,278.90,247.50,25.00,84.38,83.35,440.23,7,695.55
08/12/2024,38.43,5,146.93,4,790.05,247.50,25.00,84.38,83.35,440.23,7,206.70
08/19/2024,38.98,5,220.59,4,863.72,247.50,25.00,84.38,83.35,440.23,7,280.37
08/26/2024,39.85,5,337.11,4,980.24,247.50,25.00,84.38,83.35,440.23,7,396.89
09/02/2024,38.42,5,145.59,4,788.72,247.50,25.00,84.38,83.35,440.23,7,205.37
09/09/2024,40.37,5,406.75,5,049.88,247.50,25.00,84.38,83.35,440.23,7,466.53
09/16/2024,37.85,5,069.25,4,712.38,247.50,25.00,84.38,83.35,440.23,7,129.03
09/23/2024,40.30,5,397.38,5,040.50,247.50,25.00,84.38,83.35,440.23,7,457.15
09/30/2024,38.93,5,213.89,4,857.02,247.50,25.00,84.38,83.35,440.23,7,273.67
10/07/2024,37.82,5,065.23,4,708.36,247.50,25.00,84.38,83.35,440.23,7,125.01
10/14/2024,42.90,5,745.60,5,388.72,247.50,25.00,84.38,83.35,440.23,7,805.37
10/21/2024,42.18,5,649.17,5,292.29,247.50,25.00,84.38,83.35,440.23,7,708.94
10/28/2024,41.17,5,513.90,5,157.02,247.50,25.00,84.38,83.35,440.23,7,573.67
11/04/2024,43.62,5,842.03,5,485.15,247.50,25.00,84.38,83.35,440.23,7,901.80
11/11/2024,36.40,4,875.05,4,518.18,247.50,25.00,84.38,83.35,440.23,6,934.83
11/18/2024,42.20,5,651.85,5,294.97,247.50,25.00,84.38,83.35,440.23,7,711.62
11/25/2024,47.10,6,308.10,5,951.23,247.50,25.00,84.38,83.35,440.23,8,367.88
12/02/2024,42.05,5,631.76,5,274.88,247.50,25.00,84.38,83.35,440.23,7,691.53
12/09/2024,39.93,5,347.82,4,990.95,247.50,25.00,84.38,83.35,440.23,7,407.60
12/16/2024,43.85,5,872.83,5,515.96,247.50,25.00,84.38,83.35,440.23,7,932.61
12/23/2024,43.88,5,876.85,5,519.97,247.50,25.00,84.38,83.35,440.23,7,936.62
12/30/2024,16.02,2,145.56,1,788.68,247.50,25.00,84.38,83.35,440.23,4,205.33

=== Payroll for Roderick Alvaro ===
Week Start,Hours Worked,Gross Pay,Taxable Pay,SSS,Pag-IBIG,PhilHealth,Withholding Tax,Gross Deductions,Net Pay
06/03/2024,38.92,12,201.81,11,698.05,281.25,25.00,197.51,1,833.56,2,337.32,13,364.48
06/10/2024,41.32,12,954.23,12,450.47,281.25,25.00,197.51,1,833.56,2,337.32,14,116.91
06/17/2024,37.12,11,637.49,11,133.73,281.25,25.00,197.51,1,833.56,2,337.32,12,800.17
06/24/2024,32.90,10,314.48,9,810.72,281.25,25.00,197.51,1,833.56,2,337.32,11,477.15
07/01/2024,41.28,12,941.69,12,437.93,281.25,25.00,197.51,1,833.56,2,337.32,14,104.37
07/08/2024,40.40,12,665.80,12,162.04,281.25,25.00,197.51,1,833.56,2,337.32,13,828.48
07/15/2024,42.73,13,396.28,12,892.52,281.25,25.00,197.51,1,833.56,2,337.32,14,558.96
07/22/2024,38.70,12,132.84,11,629.07,281.25,25.00,197.51,1,833.56,2,337.32,13,295.51
07/29/2024,39.53,12,393.05,11,889.29,281.25,25.00,197.51,1,833.56,2,337.32,13,555.73
08/05/2024,37.32,11,700.19,11,196.43,281.25,25.00,197.51,1,833.56,2,337.32,12,862.87
08/12/2024,42.83,13,427.63,12,923.87,281.25,25.00,197.51,1,833.56,2,337.32,14,590.31
08/19/2024,40.52,12,703.43,12,199.66,281.25,25.00,197.51,1,833.56,2,337.32,13,866.10
08/26/2024,38.68,12,126.57,11,622.80,281.25,25.00,197.51,1,833.56,2,337.32,13,289.24
09/02/2024,39.03,12,236.30,11,732.53,281.25,25.00,197.51,1,833.56,2,337.32,13,398.97
09/09/2024,39.93,12,518.45,12,014.69,281.25,25.00,197.51,1,833.56,2,337.32,13,681.13
09/16/2024,36.47,11,433.71,10,929.95,281.25,25.00,197.51,1,833.56,2,337.32,12,596.38
09/23/2024,35.85,11,239.33,10,735.57,281.25,25.00,197.51,1,833.56,2,337.32,12,402.01
09/30/2024,41.60,13,042.02,12,538.25,281.25,25.00,197.51,1,833.56,2,337.32,14,204.69
10/07/2024,38.77,12,154.78,11,651.02,281.25,25.00,197.51,1,833.56,2,337.32,13,317.46
10/14/2024,47.92,15,023.40,14,519.64,281.25,25.00,197.51,1,833.56,2,337.32,16,186.07
10/21/2024,38.23,11,985.49,11,481.72,281.25,25.00,197.51,1,833.56,2,337.32,13,148.16
10/28/2024,42.83,13,427.63,12,923.87,281.25,25.00,197.51,1,833.56,2,337.32,14,590.31
11/04/2024,38.62,12,107.76,11,603.99,281.25,25.00,197.51,1,833.56,2,337.32,13,270.43
11/11/2024,38.32,12,013.70,11,509.94,281.25,25.00,197.51,1,833.56,2,337.32,13,176.38
11/18/2024,43.52,13,643.96,13,140.19,281.25,25.00,197.51,1,833.56,2,337.32,14,806.63
11/25/2024,39.78,12,471.43,11,967.67,281.25,25.00,197.51,1,833.56,2,337.32,13,634.10
12/02/2024,40.93,12,831.96,12,328.20,281.25,25.00,197.51,1,833.56,2,337.32,13,994.64
12/09/2024,41.00,12,853.91,12,350.15,281.25,25.00,197.51,1,833.56,2,337.32,14,016.58
12/16/2024,38.90,12,195.54,11,691.78,281.25,25.00,197.51,1,833.56,2,337.32,13,358.21
12/23/2024,42.30,13,261.47,12,757.71,281.25,25.00,197.51,1,833.56,2,337.32,14,424.15
12/30/2024,16.02,5,022.43,4,518.67,281.25,25.00,197.51,1,833.56,2,337.32,6,185.11

=== Payroll for Anthony Salcedo ===
Week Start,Hours Worked,Gross Pay,Taxable Pay,SSS,Pag-IBIG,PhilHealth,Withholding Tax,Gross Deductions,Net Pay
06/03/2024,42.08,12,730.46,12,233.62,281.25,25.00,190.59,1,718.25,2,215.09,14,015.37
06/10/2024,39.73,12,019.52,11,522.67,281.25,25.00,190.59,1,718.25,2,215.09,13,304.42
06/17/2024,38.82,11,744.21,11,247.37,281.25,25.00,190.59,1,718.25,2,215.09,13,029.12
06/24/2024,40.83,12,352.30,11,855.46,281.25,25.00,190.59,1,718.25,2,215.09,13,637.21
07/01/2024,39.48,11,943.88,11,447.04,281.25,25.00,190.59,1,718.25,2,215.09,13,228.79
07/08/2024,41.42,12,530.79,12,033.95,281.25,25.00,190.59,1,718.25,2,215.09,13,815.70
07/15/2024,39.43,11,928.76,11,431.91,281.25,25.00,190.59,1,718.25,2,215.09,13,213.66
07/22/2024,39.98,12,095.15,11,598.31,281.25,25.00,190.59,1,718.25,2,215.09,13,380.06
07/29/2024,38.08,11,520.34,11,023.50,281.25,25.00,190.59,1,718.25,2,215.09,12,805.25
08/05/2024,37.02,11,199.66,10,702.82,281.25,25.00,190.59,1,718.25,2,215.09,12,484.57
08/12/2024,42.37,12,818.20,12,321.35,281.25,25.00,190.59,1,718.25,2,215.09,14,103.10
08/19/2024,36.92,11,169.41,10,672.56,281.25,25.00,190.59,1,718.25,2,215.09,12,454.31
08/26/2024,35.47,10,730.74,10,233.90,281.25,25.00,190.59,1,718.25,2,215.09,12,015.65
09/02/2024,42.30,12,797.02,12,300.18,281.25,25.00,190.59,1,718.25,2,215.09,14,081.93
09/09/2024,37.68,11,399.33,10,902.49,281.25,25.00,190.59,1,718.25,2,215.09,12,684.24
09/16/2024,36.87,11,154.28,10,657.44,281.25,25.00,190.59,1,718.25,2,215.09,12,439.19
09/23/2024,42.40,12,827.27,12,330.43,281.25,25.00,190.59,1,718.25,2,215.09,14,112.18
09/30/2024,36.53,11,051.42,10,554.58,281.25,25.00,190.59,1,718.25,2,215.09,12,336.33
10/07/2024,37.90,11,465.89,10,969.04,281.25,25.00,190.59,1,718.25,2,215.09,12,750.79
10/14/2024,33.78,10,219.46,9,722.62,281.25,25.00,190.59,1,718.25,2,215.09,11,504.37
10/21/2024,42.17,12,757.69,12,260.85,281.25,25.00,190.59,1,718.25,2,215.09,14,042.60
10/28/2024,41.78,12,639.70,12,142.86,281.25,25.00,190.59,1,718.25,2,215.09,13,924.61
11/04/2024,41.00,12,403.73,11,906.89,281.25,25.00,190.59,1,718.25,2,215.09,13,688.64
11/11/2024,41.22,12,470.29,11,973.44,281.25,25.00,190.59,1,718.25,2,215.09,13,755.19
11/18/2024,38.73,11,716.99,11,220.14,281.25,25.00,190.59,1,718.25,2,215.09,13,001.89
11/25/2024,35.48,10,733.76,10,236.92,281.25,25.00,190.59,1,718.25,2,215.09,12,018.67
12/02/2024,36.55,11,057.47,10,560.63,281.25,25.00,190.59,1,718.25,2,215.09,12,342.38
12/09/2024,40.52,12,258.52,11,761.67,281.25,25.00,190.59,1,718.25,2,215.09,13,543.42
12/16/2024,39.93,12,080.02,11,583.18,281.25,25.00,190.59,1,718.25,2,215.09,13,364.93
12/23/2024,38.07,11,517.32,11,020.47,281.25,25.00,190.59,1,718.25,2,215.09,12,802.22
12/30/2024,14.08,4,259.62,3,762.78,281.25,25.00,190.59,1,718.25,2,215.09,5,544.53

=== Payroll for Josie  Lopez ===
Week Start,Hours Worked,Gross Pay,Taxable Pay,SSS,Pag-IBIG,PhilHealth,Withholding Tax,Gross Deductions,Net Pay
06/03/2024,38.60,8,840.17,8,389.64,281.25,25.00,144.28,946.38,1,396.91,10,543.27
06/10/2024,36.07,8,260.75,7,810.22,281.25,25.00,144.28,946.38,1,396.91,9,963.85
06/17/2024,40.03,9,167.67,8,717.14,281.25,25.00,144.28,946.38,1,396.91,10,870.76
06/24/2024,39.98,9,156.22,8,705.69,281.25,25.00,144.28,946.38,1,396.91,10,859.31
07/01/2024,43.00,9,847.86,9,397.33,281.25,25.00,144.28,946.38,1,396.91,11,550.95
07/08/2024,38.22,8,753.14,8,302.61,281.25,25.00,144.28,946.38,1,396.91,10,456.24
07/15/2024,37.33,8,549.32,8,098.79,281.25,25.00,144.28,946.38,1,396.91,10,252.41
07/22/2024,40.58,9,293.63,8,843.10,281.25,25.00,144.28,946.38,1,396.91,10,996.73
07/29/2024,34.27,7,848.52,7,397.98,281.25,25.00,144.28,946.38,1,396.91,9,551.61
08/05/2024,41.00,9,389.82,8,939.29,281.25,25.00,144.28,946.38,1,396.91,11,092.91
08/12/2024,44.42,10,173.07,9,722.54,281.25,25.00,144.28,946.38,1,396.91,11,876.16
08/19/2024,39.08,8,950.10,8,499.57,281.25,25.00,144.28,946.38,1,396.91,10,653.20
08/26/2024,38.85,8,897.43,8,446.90,281.25,25.00,144.28,946.38,1,396.91,10,600.52
09/02/2024,46.05,10,546.37,10,095.84,281.25,25.00,144.28,946.38,1,396.91,12,249.46
09/09/2024,39.35,9,011.94,8,561.41,281.25,25.00,144.28,946.38,1,396.91,10,715.03
09/16/2024,38.68,8,858.49,8,407.96,281.25,25.00,144.28,946.38,1,396.91,10,561.59
09/23/2024,39.20,8,977.58,8,527.05,281.25,25.00,144.28,946.38,1,396.91,10,680.68
09/30/2024,37.27,8,535.58,8,085.04,281.25,25.00,144.28,946.38,1,396.91,10,238.67
10/07/2024,38.67,8,856.20,8,405.67,281.25,25.00,144.28,946.38,1,396.91,10,559.30
10/14/2024,39.57,9,062.32,8,611.79,281.25,25.00,144.28,946.38,1,396.91,10,765.42
10/21/2024,38.30,8,771.47,8,320.93,281.25,25.00,144.28,946.38,1,396.91,10,474.56
10/28/2024,33.82,7,745.46,7,294.93,281.25,25.00,144.28,946.38,1,396.91,9,448.55
11/04/2024,41.27,9,451.66,9,001.12,281.25,25.00,144.28,946.38,1,396.91,11,154.75
11/11/2024,40.75,9,332.57,8,882.03,281.25,25.00,144.28,946.38,1,396.91,11,035.66
11/18/2024,39.05,8,943.23,8,492.70,281.25,25.00,144.28,946.38,1,396.91,10,646.32
11/25/2024,37.25,8,531.00,8,080.46,281.25,25.00,144.28,946.38,1,396.91,10,234.09
12/02/2024,41.20,9,435.62,8,985.09,281.25,25.00,144.28,946.38,1,396.91,11,138.72
12/09/2024,44.57,10,207.42,9,756.89,281.25,25.00,144.28,946.38,1,396.91,11,910.52
12/16/2024,40.42,9,256.99,8,806.46,281.25,25.00,144.28,946.38,1,396.91,10,960.08
12/23/2024,39.60,9,069.19,8,618.66,281.25,25.00,144.28,946.38,1,396.91,10,772.29
12/30/2024,18.77,4,298.71,3,848.17,281.25,25.00,144.28,946.38,1,396.91,6,001.80

=== Payroll for Martha Farala ===
Week Start,Hours Worked,Gross Pay,Taxable Pay,SSS,Pag-IBIG,PhilHealth,Withholding Tax,Gross Deductions,Net Pay
06/03/2024,39.70,5,671.54,5,292.17,264.38,25.00,90.00,158.35,537.73,7,633.82
06/10/2024,40.17,5,738.69,5,359.31,264.38,25.00,90.00,158.35,537.73,7,700.96
06/17/2024,44.80,6,400.13,6,020.75,264.38,25.00,90.00,158.35,537.73,8,362.40
06/24/2024,41.52,5,931.55,5,552.17,264.38,25.00,90.00,158.35,537.73,7,893.82
07/01/2024,37.62,5,374.39,4,995.02,264.38,25.00,90.00,158.35,537.73,7,336.67
07/08/2024,41.92,5,988.69,5,609.32,264.38,25.00,90.00,158.35,537.73,7,950.97
07/15/2024,36.12,5,160.10,4,780.73,264.38,25.00,90.00,158.35,537.73,7,122.38
07/22/2024,37.60,5,371.54,4,992.16,264.38,25.00,90.00,158.35,537.73,7,333.81
07/29/2024,39.42,5,631.54,5,252.17,264.38,25.00,90.00,158.35,537.73,7,593.82
08/05/2024,42.68,6,097.26,5,717.89,264.38,25.00,90.00,158.35,537.73,8,059.54
08/12/2024,38.60,5,514.40,5,135.02,264.38,25.00,90.00,158.35,537.73,7,476.67
08/19/2024,38.25,5,464.40,5,085.02,264.38,25.00,90.00,158.35,537.73,7,426.67
08/26/2024,36.40,5,200.10,4,820.73,264.38,25.00,90.00,158.35,537.73,7,162.38
09/02/2024,38.38,5,482.97,5,103.59,264.38,25.00,90.00,158.35,537.73,7,445.24
09/09/2024,38.78,5,540.11,5,160.74,264.38,25.00,90.00,158.35,537.73,7,502.39
09/16/2024,42.90,6,128.69,5,749.32,264.38,25.00,90.00,158.35,537.73,8,090.97
09/23/2024,36.68,5,240.10,4,860.73,264.38,25.00,90.00,158.35,537.73,7,202.38
09/30/2024,38.57,5,510.11,5,130.74,264.38,25.00,90.00,158.35,537.73,7,472.39
10/07/2024,42.22,6,031.55,5,652.17,264.38,25.00,90.00,158.35,537.73,7,993.82
10/14/2024,43.88,6,268.70,5,889.32,264.38,25.00,90.00,158.35,537.73,8,230.97
10/21/2024,41.23,5,890.12,5,510.74,264.38,25.00,90.00,158.35,537.73,7,852.39
10/28/2024,41.87,5,981.55,5,602.17,264.38,25.00,90.00,158.35,537.73,7,943.82
11/04/2024,43.65,6,235.84,5,856.46,264.38,25.00,90.00,158.35,537.73,8,198.11
11/11/2024,39.98,5,711.54,5,332.17,264.38,25.00,90.00,158.35,537.73,7,673.82
11/18/2024,42.00,6,000.12,5,620.75,264.38,25.00,90.00,158.35,537.73,7,962.40
11/25/2024,40.28,5,754.40,5,375.03,264.38,25.00,90.00,158.35,537.73,7,716.68
12/02/2024,41.50,5,928.69,5,549.32,264.38,25.00,90.00,158.35,537.73,7,890.97
12/09/2024,34.03,4,861.53,4,482.15,264.38,25.00,90.00,158.35,537.73,6,823.80
12/16/2024,37.87,5,410.11,5,030.73,264.38,25.00,90.00,158.35,537.73,7,372.38
12/23/2024,34.93,4,990.10,4,610.72,264.38,25.00,90.00,158.35,537.73,6,952.37
12/30/2024,16.50,2,357.19,1,977.82,264.38,25.00,90.00,158.35,537.73,4,319.47

=== Payroll for Leila Martinez ===
Week Start,Hours Worked,Gross Pay,Taxable Pay,SSS,Pag-IBIG,PhilHealth,Withholding Tax,Gross Deductions,Net Pay
06/03/2024,38.47,5,495.82,5,116.45,264.38,25.00,90.00,158.35,537.73,7,458.10
06/10/2024,46.73,6,675.85,6,296.47,264.38,25.00,90.00,158.35,537.73,8,638.12
06/17/2024,40.67,5,810.12,5,430.74,264.38,25.00,90.00,158.35,537.73,7,772.39
06/24/2024,38.42,5,488.68,5,109.31,264.38,25.00,90.00,158.35,537.73,7,450.96
07/01/2024,39.85,5,692.97,5,313.60,264.38,25.00,90.00,158.35,537.73,7,655.25
07/08/2024,42.15,6,021.55,5,642.17,264.38,25.00,90.00,158.35,537.73,7,983.82
07/15/2024,42.55,6,078.69,5,699.32,264.38,25.00,90.00,158.35,537.73,8,040.97
07/22/2024,41.08,5,868.69,5,489.31,264.38,25.00,90.00,158.35,537.73,7,830.96
07/29/2024,33.83,4,832.95,4,453.58,264.38,25.00,90.00,158.35,537.73,6,795.23
08/05/2024,39.63,5,661.54,5,282.17,264.38,25.00,90.00,158.35,537.73,7,623.82
08/12/2024,35.87,5,124.39,4,745.01,264.38,25.00,90.00,158.35,537.73,7,086.66
08/19/2024,37.07,5,295.82,4,916.45,264.38,25.00,90.00,158.35,537.73,7,258.10
08/26/2024,39.30,5,614.40,5,235.02,264.38,25.00,90.00,158.35,537.73,7,576.67
09/02/2024,40.85,5,835.83,5,456.46,264.38,25.00,90.00,158.35,537.73,7,798.11
09/09/2024,40.03,5,718.69,5,339.31,264.38,25.00,90.00,158.35,537.73,7,680.96
09/16/2024,38.17,5,452.97,5,073.59,264.38,25.00,90.00,158.35,537.73,7,415.24
09/23/2024,36.25,5,178.68,4,799.30,264.38,25.00,90.00,158.35,537.73,7,140.95
09/30/2024,43.32,6,188.70,5,809.32,264.38,25.00,90.00,158.35,537.73,8,150.97
10/07/2024,43.25,6,178.70,5,799.32,264.38,25.00,90.00,158.35,537.73,8,140.97
10/14/2024,43.80,6,257.27,5,877.89,264.38,25.00,90.00,158.35,537.73,8,219.54
10/21/2024,43.03,6,147.27,5,767.89,264.38,25.00,90.00,158.35,537.73,8,109.54
10/28/2024,42.67,6,095.84,5,716.46,264.38,25.00,90.00,158.35,537.73,8,058.11
11/04/2024,35.40,5,057.24,4,677.87,264.38,25.00,90.00,158.35,537.73,7,019.52
11/11/2024,39.88,5,697.26,5,317.88,264.38,25.00,90.00,158.35,537.73,7,659.53
11/18/2024,39.28,5,611.54,5,232.17,264.38,25.00,90.00,158.35,537.73,7,573.82
11/25/2024,38.23,5,461.54,5,082.16,264.38,25.00,90.00,158.35,537.73,7,423.81
12/02/2024,40.37,5,767.26,5,387.88,264.38,25.00,90.00,158.35,537.73,7,729.53
12/09/2024,40.70,5,814.40,5,435.03,264.38,25.00,90.00,158.35,537.73,7,776.68
12/16/2024,41.57,5,938.69,5,559.32,264.38,25.00,90.00,158.35,537.73,7,900.97
12/23/2024,40.02,5,717.26,5,337.88,264.38,25.00,90.00,158.35,537.73,7,679.53
12/30/2024,17.43,2,490.05,2,110.67,264.38,25.00,90.00,158.35,537.73,4,452.32

=== Payroll for Fredrick  Romualdez ===
Week Start,Hours Worked,Gross Pay,Taxable Pay,SSS,Pag-IBIG,PhilHealth,Withholding Tax,Gross Deductions,Net Pay
06/03/2024,43.57,13,874.87,13,367.99,281.25,25.00,200.62,1,885.44,2,392.31,14,982.55
06/10/2024,40.00,12,738.00,12,231.12,281.25,25.00,200.62,1,885.44,2,392.31,13,845.69
06/17/2024,43.65,13,900.34,13,393.47,281.25,25.00,200.62,1,885.44,2,392.31,15,008.03
06/24/2024,41.03,13,066.00,12,559.13,281.25,25.00,200.62,1,885.44,2,392.31,14,173.69
07/01/2024,40.65,12,944.99,12,438.12,281.25,25.00,200.62,1,885.44,2,392.31,14,052.68
07/08/2024,38.55,12,276.25,11,769.37,281.25,25.00,200.62,1,885.44,2,392.31,13,383.93
07/15/2024,41.15,13,104.22,12,597.34,281.25,25.00,200.62,1,885.44,2,392.31,14,211.90
07/22/2024,40.98,13,050.08,12,543.21,281.25,25.00,200.62,1,885.44,2,392.31,14,157.77
07/29/2024,41.70,13,279.36,12,772.49,281.25,25.00,200.62,1,885.44,2,392.31,14,387.05
08/05/2024,39.25,12,499.16,11,992.29,281.25,25.00,200.62,1,885.44,2,392.31,13,606.85
08/12/2024,41.98,13,368.53,12,861.66,281.25,25.00,200.62,1,885.44,2,392.31,14,476.22
08/19/2024,37.62,11,980.09,11,473.21,281.25,25.00,200.62,1,885.44,2,392.31,13,087.78
08/26/2024,37.60,11,973.72,11,466.84,281.25,25.00,200.62,1,885.44,2,392.31,13,081.41
09/02/2024,41.18,13,113.77,12,606.90,281.25,25.00,200.62,1,885.44,2,392.31,14,221.46
09/09/2024,42.03,13,384.45,12,877.58,281.25,25.00,200.62,1,885.44,2,392.31,14,492.14
09/16/2024,40.77,12,983.21,12,476.33,281.25,25.00,200.62,1,885.44,2,392.31,14,090.89
09/23/2024,37.42,11,916.40,11,409.52,281.25,25.00,200.62,1,885.44,2,392.31,13,024.09
09/30/2024,38.50,12,260.32,11,753.45,281.25,25.00,200.62,1,885.44,2,392.31,13,368.01
10/07/2024,38.37,12,218.93,11,712.05,281.25,25.00,200.62,1,885.44,2,392.31,13,326.61
10/14/2024,39.60,12,610.62,12,103.75,281.25,25.00,200.62,1,885.44,2,392.31,13,718.31
10/21/2024,40.42,12,871.75,12,364.87,281.25,25.00,200.62,1,885.44,2,392.31,13,979.44
10/28/2024,39.23,12,492.79,11,985.92,281.25,25.00,200.62,1,885.44,2,392.31,13,600.48
11/04/2024,41.02,13,062.82,12,555.94,281.25,25.00,200.62,1,885.44,2,392.31,14,170.51
11/11/2024,39.83,12,683.86,12,176.99,281.25,25.00,200.62,1,885.44,2,392.31,13,791.55
11/18/2024,38.18,12,158.42,11,651.55,281.25,25.00,200.62,1,885.44,2,392.31,13,266.11
11/25/2024,38.98,12,413.18,11,906.31,281.25,25.00,200.62,1,885.44,2,392.31,13,520.87
12/02/2024,41.12,13,094.66,12,587.79,281.25,25.00,200.62,1,885.44,2,392.31,14,202.35
12/09/2024,38.90,12,387.70,11,880.83,281.25,25.00,200.62,1,885.44,2,392.31,13,495.39
12/16/2024,38.40,12,228.48,11,721.60,281.25,25.00,200.62,1,885.44,2,392.31,13,336.17
12/23/2024,40.13,12,779.40,12,272.52,281.25,25.00,200.62,1,885.44,2,392.31,13,887.09
12/30/2024,17.83,5,677.96,5,171.09,281.25,25.00,200.62,1,885.44,2,392.31,6,785.65

=== Payroll for Christian Mata ===
Week Start,Hours Worked,Gross Pay,Taxable Pay,SSS,Pag-IBIG,PhilHealth,Withholding Tax,Gross Deductions,Net Pay
06/03/2024,37.87,9,687.15,9,219.74,281.25,25.00,161.16,1,227.62,1,695.03,11,092.11
06/10/2024,39.25,10,040.15,9,572.74,281.25,25.00,161.16,1,227.62,1,695.03,11,445.12
06/17/2024,43.45,11,114.51,10,647.10,281.25,25.00,161.16,1,227.62,1,695.03,12,519.48
06/24/2024,41.80,10,692.44,10,225.03,281.25,25.00,161.16,1,227.62,1,695.03,12,097.41
07/01/2024,39.10,10,001.78,9,534.37,281.25,25.00,161.16,1,227.62,1,695.03,11,406.75
07/08/2024,40.02,10,237.12,9,769.71,281.25,25.00,161.16,1,227.62,1,695.03,11,642.08
07/15/2024,42.42,10,851.04,10,383.63,281.25,25.00,161.16,1,227.62,1,695.03,12,256.00
07/22/2024,41.90,10,718.02,10,250.61,281.25,25.00,161.16,1,227.62,1,695.03,12,122.99
07/29/2024,42.83,10,955.91,10,488.51,281.25,25.00,161.16,1,227.62,1,695.03,12,360.88
08/05/2024,41.90,10,718.02,10,250.61,281.25,25.00,161.16,1,227.62,1,695.03,12,122.99
08/12/2024,38.70,9,899.46,9,432.05,281.25,25.00,161.16,1,227.62,1,695.03,11,304.43
08/19/2024,40.20,10,283.16,9,815.75,281.25,25.00,161.16,1,227.62,1,695.03,11,688.13
08/26/2024,41.72,10,671.98,10,204.57,281.25,25.00,161.16,1,227.62,1,695.03,12,076.94
09/02/2024,41.63,10,648.95,10,181.55,281.25,25.00,161.16,1,227.62,1,695.03,12,053.92
09/09/2024,38.40,9,822.72,9,355.31,281.25,25.00,161.16,1,227.62,1,695.03,11,227.69
09/16/2024,39.37,10,070.85,9,603.44,281.25,25.00,161.16,1,227.62,1,695.03,11,475.81
09/23/2024,42.62,10,902.20,10,434.79,281.25,25.00,161.16,1,227.62,1,695.03,12,307.16
09/30/2024,37.17,9,508.09,9,040.68,281.25,25.00,161.16,1,227.62,1,695.03,10,913.05
10/07/2024,40.77,10,428.97,9,961.56,281.25,25.00,161.16,1,227.62,1,695.03,11,833.93
10/14/2024,38.58,9,868.76,9,401.36,281.25,25.00,161.16,1,227.62,1,695.03,11,273.73
10/21/2024,34.05,8,709.99,8,242.58,281.25,25.00,161.16,1,227.62,1,695.03,10,114.96
10/28/2024,41.68,10,661.74,10,194.34,281.25,25.00,161.16,1,227.62,1,695.03,12,066.71
11/04/2024,42.80,10,948.24,10,480.83,281.25,25.00,161.16,1,227.62,1,695.03,12,353.21
11/11/2024,39.42,10,083.64,9,616.23,281.25,25.00,161.16,1,227.62,1,695.03,11,488.60
11/18/2024,31.98,8,180.48,7,713.08,281.25,25.00,161.16,1,227.62,1,695.03,9,585.45
11/25/2024,38.55,9,861.09,9,393.68,281.25,25.00,161.16,1,227.62,1,695.03,11,266.06
12/02/2024,44.35,11,344.73,10,877.32,281.25,25.00,161.16,1,227.62,1,695.03,12,749.70
12/09/2024,34.77,8,894.17,8,426.76,281.25,25.00,161.16,1,227.62,1,695.03,10,299.13
12/16/2024,43.70,11,178.46,10,711.05,281.25,25.00,161.16,1,227.62,1,695.03,12,583.43
12/23/2024,40.82,10,441.76,9,974.35,281.25,25.00,161.16,1,227.62,1,695.03,11,846.72
12/30/2024,16.38,4,190.00,3,722.60,281.25,25.00,161.16,1,227.62,1,695.03,5,594.97

=== Payroll for Selena  De Leon ===
Week Start,Hours Worked,Gross Pay,Taxable Pay,SSS,Pag-IBIG,PhilHealth,Withholding Tax,Gross Deductions,Net Pay
06/03/2024,38.10,9,491.09,9,027.90,281.25,25.00,156.94,1,157.31,1,620.50,10,970.59
06/10/2024,38.57,9,608.17,9,144.99,281.25,25.00,156.94,1,157.31,1,620.50,11,087.67
06/17/2024,39.98,9,959.42,9,496.23,281.25,25.00,156.94,1,157.31,1,620.50,11,438.92
06/24/2024,39.75,9,902.12,9,438.94,281.25,25.00,156.94,1,157.31,1,620.50,11,381.62
07/01/2024,39.55,9,852.30,9,389.11,281.25,25.00,156.94,1,157.31,1,620.50,11,331.80
07/08/2024,44.05,10,973.30,10,510.11,281.25,25.00,156.94,1,157.31,1,620.50,12,452.80
07/15/2024,43.55,10,848.74,10,385.55,281.25,25.00,156.94,1,157.31,1,620.50,12,328.24
07/22/2024,41.33,10,295.72,9,832.53,281.25,25.00,156.94,1,157.31,1,620.50,11,775.22
07/29/2024,41.65,10,375.43,9,912.24,281.25,25.00,156.94,1,157.31,1,620.50,11,854.93
08/05/2024,40.92,10,193.58,9,730.39,281.25,25.00,156.94,1,157.31,1,620.50,11,673.08
08/12/2024,41.32,10,293.23,9,830.04,281.25,25.00,156.94,1,157.31,1,620.50,11,772.73
08/19/2024,36.90,9,192.16,8,728.97,281.25,25.00,156.94,1,157.31,1,620.50,10,671.66
08/26/2024,39.05,9,727.75,9,264.56,281.25,25.00,156.94,1,157.31,1,620.50,11,207.25
09/02/2024,42.63,10,619.56,10,156.37,281.25,25.00,156.94,1,157.31,1,620.50,12,099.06
09/09/2024,36.55,9,104.97,8,641.78,281.25,25.00,156.94,1,157.31,1,620.50,10,584.47
09/16/2024,34.93,8,701.41,8,238.22,281.25,25.00,156.94,1,157.31,1,620.50,10,180.91
09/23/2024,43.30,10,786.46,10,323.28,281.25,25.00,156.94,1,157.31,1,620.50,12,265.96
09/30/2024,39.95,9,951.94,9,488.76,281.25,25.00,156.94,1,157.31,1,620.50,11,431.44
10/07/2024,38.28,9,535.93,9,072.74,281.25,25.00,156.94,1,157.31,1,620.50,11,015.43
10/14/2024,35.85,8,930.59,8,467.41,281.25,25.00,156.94,1,157.31,1,620.50,10,410.09
10/21/2024,44.35,11,048.03,10,584.84,281.25,25.00,156.94,1,157.31,1,620.50,12,527.53
10/28/2024,45.13,11,242.33,10,779.15,281.25,25.00,156.94,1,157.31,1,620.50,12,721.83
11/04/2024,41.05,10,225.97,9,762.78,281.25,25.00,156.94,1,157.31,1,620.50,11,705.47
11/11/2024,40.50,10,088.95,9,625.77,281.25,25.00,156.94,1,157.31,1,620.50,11,568.45
11/18/2024,41.45,10,325.61,9,862.42,281.25,25.00,156.94,1,157.31,1,620.50,11,805.11
11/25/2024,43.27,10,778.99,10,315.80,281.25,25.00,156.94,1,157.31,1,620.50,12,258.49
12/02/2024,39.45,9,827.39,9,364.20,281.25,25.00,156.94,1,157.31,1,620.50,11,306.89
12/09/2024,40.53,10,096.43,9,633.24,281.25,25.00,156.94,1,157.31,1,620.50,11,575.93
12/16/2024,39.12,9,745.18,9,282.00,281.25,25.00,156.94,1,157.31,1,620.50,11,224.68
12/23/2024,38.32,9,545.90,9,082.71,281.25,25.00,156.94,1,157.31,1,620.50,11,025.40
12/30/2024,14.77,3,679.35,3,216.17,281.25,25.00,156.94,1,157.31,1,620.50,5,158.85

=== Payroll for Allison  San Jose ===
Week Start,Hours Worked,Gross Pay,Taxable Pay,SSS,Pag-IBIG,PhilHealth,Withholding Tax,Gross Deductions,Net Pay
06/03/2024,39.68,5,314.34,4,957.47,247.50,25.00,84.38,83.35,440.23,7,374.12
06/10/2024,38.23,5,120.14,4,763.27,247.50,25.00,84.38,83.35,440.23,7,179.92
06/17/2024,45.02,6,029.53,5,672.65,247.50,25.00,84.38,83.35,440.23,8,089.30
06/24/2024,41.00,5,491.13,5,134.26,247.50,25.00,84.38,83.35,440.23,7,550.90
07/01/2024,42.25,5,658.54,5,301.67,247.50,25.00,84.38,83.35,440.23,7,718.32
07/08/2024,41.00,5,491.13,5,134.26,247.50,25.00,84.38,83.35,440.23,7,550.90
07/15/2024,44.57,5,969.26,5,612.39,247.50,25.00,84.38,83.35,440.23,8,029.04
07/22/2024,41.95,5,618.36,5,261.49,247.50,25.00,84.38,83.35,440.23,7,678.14
07/29/2024,38.97,5,219.25,4,862.38,247.50,25.00,84.38,83.35,440.23,7,279.03
08/05/2024,39.45,5,283.54,4,926.66,247.50,25.00,84.38,83.35,440.23,7,343.31
08/12/2024,33.12,4,435.76,4,078.89,247.50,25.00,84.38,83.35,440.23,6,495.54
08/19/2024,44.15,5,913.01,5,556.13,247.50,25.00,84.38,83.35,440.23,7,972.78
08/26/2024,40.07,5,366.58,5,009.70,247.50,25.00,84.38,83.35,440.23,7,426.35
09/02/2024,36.52,4,891.12,4,534.25,247.50,25.00,84.38,83.35,440.23,6,950.90
09/09/2024,36.80,4,928.62,4,571.75,247.50,25.00,84.38,83.35,440.23,6,988.40
09/16/2024,37.72,5,051.84,4,694.96,247.50,25.00,84.38,83.35,440.23,7,111.61
09/23/2024,39.78,5,327.74,4,970.86,247.50,25.00,84.38,83.35,440.23,7,387.51
09/30/2024,39.37,5,272.82,4,915.95,247.50,25.00,84.38,83.35,440.23,7,332.60
10/07/2024,41.70,5,584.88,5,228.01,247.50,25.00,84.38,83.35,440.23,7,644.66
10/14/2024,36.28,4,858.98,4,502.11,247.50,25.00,84.38,83.35,440.23,6,918.76
10/21/2024,39.28,5,260.77,4,903.90,247.50,25.00,84.38,83.35,440.23,7,320.55
10/28/2024,39.25,5,256.75,4,899.88,247.50,25.00,84.38,83.35,440.23,7,316.53
11/04/2024,36.50,4,888.45,4,531.57,247.50,25.00,84.38,83.35,440.23,6,948.22
11/11/2024,39.05,5,229.97,4,873.09,247.50,25.00,84.38,83.35,440.23,7,289.74
11/18/2024,38.32,5,132.20,4,775.32,247.50,25.00,84.38,83.35,440.23,7,191.97
11/25/2024,34.17,4,576.39,4,219.51,247.50,25.00,84.38,83.35,440.23,6,636.16
12/02/2024,46.10,6,174.17,5,817.30,247.50,25.00,84.38,83.35,440.23,8,233.95
12/09/2024,40.57,5,433.54,5,076.67,247.50,25.00,84.38,83.35,440.23,7,493.32
12/16/2024,35.92,4,810.77,4,453.89,247.50,25.00,84.38,83.35,440.23,6,870.54
12/23/2024,38.55,5,163.00,4,806.13,247.50,25.00,84.38,83.35,440.23,7,222.78
12/30/2024,16.68,2,233.95,1,877.08,247.50,25.00,84.38,83.35,440.23,4,293.73

=== Payroll for Cydney  Rosario ===
Week Start,Hours Worked,Gross Pay,Taxable Pay,SSS,Pag-IBIG,PhilHealth,Withholding Tax,Gross Deductions,Net Pay
06/03/2024,39.17,5,246.04,4,889.16,247.50,25.00,84.38,83.35,440.23,7,305.81
06/10/2024,42.50,5,692.03,5,335.15,247.50,25.00,84.38,83.35,440.23,7,751.80
06/17/2024,34.53,4,624.60,4,267.73,247.50,25.00,84.38,83.35,440.23,6,684.38
06/24/2024,39.40,5,276.84,4,919.97,247.50,25.00,84.38,83.35,440.23,7,336.62
07/01/2024,38.20,5,116.13,4,759.25,247.50,25.00,84.38,83.35,440.23,7,175.90
07/08/2024,42.03,5,629.08,5,272.20,247.50,25.00,84.38,83.35,440.23,7,688.85
07/15/2024,39.65,5,310.32,4,953.45,247.50,25.00,84.38,83.35,440.23,7,370.10
07/22/2024,39.03,5,227.29,4,870.41,247.50,25.00,84.38,83.35,440.23,7,287.06
07/29/2024,44.43,5,950.51,5,593.63,247.50,25.00,84.38,83.35,440.23,8,010.28
08/05/2024,40.48,5,421.49,5,064.61,247.50,25.00,84.38,83.35,440.23,7,481.26
08/12/2024,38.45,5,149.61,4,792.73,247.50,25.00,84.38,83.35,440.23,7,209.38
08/19/2024,36.62,4,904.52,4,547.64,247.50,25.00,84.38,83.35,440.23,6,964.29
08/26/2024,38.00,5,089.34,4,732.47,247.50,25.00,84.38,83.35,440.23,7,149.11
09/02/2024,43.65,5,846.04,5,489.17,247.50,25.00,84.38,83.35,440.23,7,905.82
09/09/2024,38.53,5,160.32,4,803.45,247.50,25.00,84.38,83.35,440.23,7,220.10
09/16/2024,41.33,5,535.33,5,178.45,247.50,25.00,84.38,83.35,440.23,7,595.10
09/23/2024,38.72,5,185.77,4,828.89,247.50,25.00,84.38,83.35,440.23,7,245.54
09/30/2024,37.30,4,995.59,4,638.71,247.50,25.00,84.38,83.35,440.23,7,055.36
10/07/2024,37.05,4,962.11,4,605.23,247.50,25.00,84.38,83.35,440.23,7,021.88
10/14/2024,41.38,5,542.02,5,185.15,247.50,25.00,84.38,83.35,440.23,7,601.80
10/21/2024,36.67,4,911.21,4,554.34,247.50,25.00,84.38,83.35,440.23,6,970.99
10/28/2024,34.08,4,564.33,4,207.46,247.50,25.00,84.38,83.35,440.23,6,624.11
11/04/2024,42.70,5,718.81,5,361.94,247.50,25.00,84.38,83.35,440.23,7,778.59
11/11/2024,37.07,4,964.79,4,607.91,247.50,25.00,84.38,83.35,440.23,7,024.56
11/18/2024,39.22,5,252.73,4,895.86,247.50,25.00,84.38,83.35,440.23,7,312.51
11/25/2024,40.47,5,420.15,5,063.27,247.50,25.00,84.38,83.35,440.23,7,479.92
12/02/2024,40.52,5,426.84,5,069.97,247.50,25.00,84.38,83.35,440.23,7,486.62
12/09/2024,38.78,5,193.81,4,836.93,247.50,25.00,84.38,83.35,440.23,7,253.58
12/16/2024,39.53,5,294.25,4,937.38,247.50,25.00,84.38,83.35,440.23,7,354.03
12/23/2024,37.28,4,992.91,4,636.04,247.50,25.00,84.38,83.35,440.23,7,052.69
12/30/2024,16.78,2,247.35,1,890.47,247.50,25.00,84.38,83.35,440.23,4,307.12

=== Payroll for Mark  Bautista ===
Week Start,Hours Worked,Gross Pay,Taxable Pay,SSS,Pag-IBIG,PhilHealth,Withholding Tax,Gross Deductions,Net Pay
06/03/2024,39.93,5,525.91,5,154.98,258.75,25.00,87.19,120.85,491.79,7,534.13
06/10/2024,36.47,5,047.08,4,676.15,258.75,25.00,87.19,120.85,491.79,7,055.30
06/17/2024,40.92,5,662.92,5,291.98,258.75,25.00,87.19,120.85,491.79,7,671.13
06/24/2024,40.32,5,579.88,5,208.95,258.75,25.00,87.19,120.85,491.79,7,588.10
07/01/2024,40.12,5,552.21,5,181.27,258.75,25.00,87.19,120.85,491.79,7,560.42
07/08/2024,38.02,5,261.59,4,890.65,258.75,25.00,87.19,120.85,491.79,7,269.80
07/15/2024,41.67,5,766.71,5,395.77,258.75,25.00,87.19,120.85,491.79,7,774.92
07/22/2024,38.92,5,386.14,5,015.20,258.75,25.00,87.19,120.85,491.79,7,394.35
07/29/2024,42.28,5,851.13,5,480.19,258.75,25.00,87.19,120.85,491.79,7,859.34
08/05/2024,38.30,5,300.34,4,929.40,258.75,25.00,87.19,120.85,491.79,7,308.55
08/12/2024,37.42,5,178.55,4,807.62,258.75,25.00,87.19,120.85,491.79,7,186.77
08/19/2024,39.02,5,399.98,5,029.04,258.75,25.00,87.19,120.85,491.79,7,408.19
08/26/2024,42.13,5,830.37,5,459.43,258.75,25.00,87.19,120.85,491.79,7,838.58
09/02/2024,37.72,5,220.07,4,849.13,258.75,25.00,87.19,120.85,491.79,7,228.28
09/09/2024,39.63,5,484.40,5,113.46,258.75,25.00,87.19,120.85,491.79,7,492.61
09/16/2024,42.80,5,923.09,5,552.15,258.75,25.00,87.19,120.85,491.79,7,931.30
09/23/2024,39.55,5,473.32,5,102.39,258.75,25.00,87.19,120.85,491.79,7,481.54
09/30/2024,37.57,5,199.31,4,828.37,258.75,25.00,87.19,120.85,491.79,7,207.52
10/07/2024,39.22,5,427.66,5,056.72,258.75,25.00,87.19,120.85,491.79,7,435.87
10/14/2024,38.75,5,362.61,4,991.67,258.75,25.00,87.19,120.85,491.79,7,370.82
10/21/2024,42.10,5,826.22,5,455.28,258.75,25.00,87.19,120.85,491.79,7,834.43
10/28/2024,40.95,5,667.07,5,296.13,258.75,25.00,87.19,120.85,491.79,7,675.28
11/04/2024,44.77,6,195.72,5,824.78,258.75,25.00,87.19,120.85,491.79,8,203.93
11/11/2024,40.23,5,567.43,5,196.49,258.75,25.00,87.19,120.85,491.79,7,575.64
11/18/2024,37.75,5,224.22,4,853.28,258.75,25.00,87.19,120.85,491.79,7,232.43
11/25/2024,39.72,5,496.85,5,125.91,258.75,25.00,87.19,120.85,491.79,7,505.06
12/02/2024,39.20,5,424.89,5,053.95,258.75,25.00,87.19,120.85,491.79,7,433.10
12/09/2024,39.38,5,449.80,5,078.86,258.75,25.00,87.19,120.85,491.79,7,458.01
12/16/2024,38.55,5,334.93,4,964.00,258.75,25.00,87.19,120.85,491.79,7,343.15
12/23/2024,38.15,5,279.58,4,908.64,258.75,25.00,87.19,120.85,491.79,7,287.79
12/30/2024,16.02,2,217.01,1,846.07,258.75,25.00,87.19,120.85,491.79,4,225.22

=== Payroll for Darlene  Lazaro ===
Week Start,Hours Worked,Gross Pay,Taxable Pay,SSS,Pag-IBIG,PhilHealth,Withholding Tax,Gross Deductions,Net Pay
06/03/2024,40.65,5,625.55,5,254.62,258.75,25.00,87.19,120.85,491.79,7,633.77
06/10/2024,38.90,5,383.37,5,012.43,258.75,25.00,87.19,120.85,491.79,7,391.58
06/17/2024,40.78,5,643.54,5,272.61,258.75,25.00,87.19,120.85,491.79,7,651.76
06/24/2024,41.55,5,750.10,5,379.17,258.75,25.00,87.19,120.85,491.79,7,758.32
07/01/2024,41.70,5,770.86,5,399.93,258.75,25.00,87.19,120.85,491.79,7,779.08
07/08/2024,36.22,5,012.49,4,641.55,258.75,25.00,87.19,120.85,491.79,7,020.70
07/15/2024,39.83,5,512.07,5,141.14,258.75,25.00,87.19,120.85,491.79,7,520.29
07/22/2024,42.53,5,885.73,5,514.79,258.75,25.00,87.19,120.85,491.79,7,893.94
07/29/2024,37.33,5,166.10,4,795.16,258.75,25.00,87.19,120.85,491.79,7,174.31
08/05/2024,41.25,5,708.59,5,337.65,258.75,25.00,87.19,120.85,491.79,7,716.80
08/12/2024,47.65,6,594.28,6,223.35,258.75,25.00,87.19,120.85,491.79,8,602.50
08/19/2024,37.43,5,179.94,4,809.00,258.75,25.00,87.19,120.85,491.79,7,188.15
08/26/2024,42.62,5,898.18,5,527.24,258.75,25.00,87.19,120.85,491.79,7,906.39
09/02/2024,39.27,5,434.58,5,063.64,258.75,25.00,87.19,120.85,491.79,7,442.79
09/09/2024,41.72,5,773.63,5,402.69,258.75,25.00,87.19,120.85,491.79,7,781.84
09/16/2024,41.43,5,733.50,5,362.56,258.75,25.00,87.19,120.85,491.79,7,741.71
09/23/2024,34.45,4,767.54,4,396.60,258.75,25.00,87.19,120.85,491.79,6,775.75
09/30/2024,43.60,6,033.80,5,662.87,258.75,25.00,87.19,120.85,491.79,8,042.02
10/07/2024,41.37,5,725.19,5,354.26,258.75,25.00,87.19,120.85,491.79,7,733.41
10/14/2024,41.98,5,809.61,5,438.67,258.75,25.00,87.19,120.85,491.79,7,817.82
10/21/2024,40.63,5,622.79,5,251.85,258.75,25.00,87.19,120.85,491.79,7,631.00
10/28/2024,35.02,4,846.42,4,475.48,258.75,25.00,87.19,120.85,491.79,6,854.63
11/04/2024,37.25,5,155.03,4,784.09,258.75,25.00,87.19,120.85,491.79,7,163.24
11/11/2024,35.88,4,965.43,4,594.50,258.75,25.00,87.19,120.85,491.79,6,973.65
11/18/2024,38.90,5,383.37,5,012.43,258.75,25.00,87.19,120.85,491.79,7,391.58
11/25/2024,45.25,6,262.15,5,891.21,258.75,25.00,87.19,120.85,491.79,8,270.36
12/02/2024,43.32,5,995.05,5,624.12,258.75,25.00,87.19,120.85,491.79,8,003.27
12/09/2024,42.90,5,936.93,5,565.99,258.75,25.00,87.19,120.85,491.79,7,945.14
12/16/2024,39.07,5,406.90,5,035.96,258.75,25.00,87.19,120.85,491.79,7,415.11
12/23/2024,42.85,5,930.01,5,559.07,258.75,25.00,87.19,120.85,491.79,7,938.22
12/30/2024,17.03,2,356.78,1,985.84,258.75,25.00,87.19,120.85,491.79,4,364.99

=== Payroll for Kolby  Delos Santos ===
Week Start,Hours Worked,Gross Pay,Taxable Pay,SSS,Pag-IBIG,PhilHealth,Withholding Tax,Gross Deductions,Net Pay
06/03/2024,40.32,5,760.12,5,380.74,264.38,25.00,90.00,158.35,537.73,7,722.39
06/10/2024,37.73,5,390.11,5,010.73,264.38,25.00,90.00,158.35,537.73,7,352.38
06/17/2024,40.30,5,757.26,5,377.88,264.38,25.00,90.00,158.35,537.73,7,719.53
06/24/2024,39.93,5,704.40,5,325.02,264.38,25.00,90.00,158.35,537.73,7,666.67
07/01/2024,37.75,5,392.97,5,013.59,264.38,25.00,90.00,158.35,537.73,7,355.24
07/08/2024,40.83,5,832.97,5,453.60,264.38,25.00,90.00,158.35,537.73,7,795.25
07/15/2024,38.90,5,557.25,5,177.88,264.38,25.00,90.00,158.35,537.73,7,519.53
07/22/2024,38.47,5,495.82,5,116.45,264.38,25.00,90.00,158.35,537.73,7,458.10
07/29/2024,44.38,6,340.13,5,960.75,264.38,25.00,90.00,158.35,537.73,8,302.40
08/05/2024,38.65,5,521.54,5,142.16,264.38,25.00,90.00,158.35,537.73,7,483.81
08/12/2024,42.05,6,007.26,5,627.89,264.38,25.00,90.00,158.35,537.73,7,969.54
08/19/2024,40.53,5,790.12,5,410.74,264.38,25.00,90.00,158.35,537.73,7,752.39
08/26/2024,41.00,5,857.26,5,477.89,264.38,25.00,90.00,158.35,537.73,7,819.53
09/02/2024,45.82,6,545.85,6,166.47,264.38,25.00,90.00,158.35,537.73,8,508.12
09/09/2024,40.28,5,754.40,5,375.03,264.38,25.00,90.00,158.35,537.73,7,716.68
09/16/2024,39.17,5,595.83,5,216.45,264.38,25.00,90.00,158.35,537.73,7,558.10
09/23/2024,42.27,6,038.69,5,659.32,264.38,25.00,90.00,158.35,537.73,8,000.97
09/30/2024,40.03,5,718.69,5,339.31,264.38,25.00,90.00,158.35,537.73,7,680.96
10/07/2024,37.25,5,321.54,4,942.16,264.38,25.00,90.00,158.35,537.73,7,283.81
10/14/2024,37.82,5,402.97,5,023.59,264.38,25.00,90.00,158.35,537.73,7,365.24
10/21/2024,36.47,5,210.10,4,830.73,264.38,25.00,90.00,158.35,537.73,7,172.38
10/28/2024,36.83,5,261.53,4,882.16,264.38,25.00,90.00,158.35,537.73,7,223.81
11/04/2024,43.97,6,281.55,5,902.18,264.38,25.00,90.00,158.35,537.73,8,243.83
11/11/2024,38.73,5,532.97,5,153.59,264.38,25.00,90.00,158.35,537.73,7,495.24
11/18/2024,44.42,6,345.84,5,966.47,264.38,25.00,90.00,158.35,537.73,8,308.12
11/25/2024,39.28,5,611.54,5,232.17,264.38,25.00,90.00,158.35,537.73,7,573.82
12/02/2024,37.77,5,395.82,5,016.45,264.38,25.00,90.00,158.35,537.73,7,358.10
12/09/2024,38.83,5,547.25,5,167.88,264.38,25.00,90.00,158.35,537.73,7,509.53
12/16/2024,39.43,5,632.97,5,253.59,264.38,25.00,90.00,158.35,537.73,7,595.24
12/23/2024,40.38,5,768.69,5,389.31,264.38,25.00,90.00,158.35,537.73,7,730.96
12/30/2024,17.23,2,461.48,2,082.10,264.38,25.00,90.00,158.35,537.73,4,423.75

=== Payroll for Vella  Santos ===
Week Start,Hours Worked,Gross Pay,Taxable Pay,SSS,Pag-IBIG,PhilHealth,Withholding Tax,Gross Deductions,Net Pay
06/03/2024,42.22,5,654.52,5,297.65,247.50,25.00,84.38,83.35,440.23,7,714.30
06/10/2024,40.48,5,421.49,5,064.61,247.50,25.00,84.38,83.35,440.23,7,481.26
06/17/2024,36.43,4,879.07,4,522.19,247.50,25.00,84.38,83.35,440.23,6,938.84
06/24/2024,38.48,5,153.63,4,796.75,247.50,25.00,84.38,83.35,440.23,7,213.40
07/01/2024,38.78,5,193.81,4,836.93,247.50,25.00,84.38,83.35,440.23,7,253.58
07/08/2024,36.78,4,925.95,4,569.07,247.50,25.00,84.38,83.35,440.23,6,985.72
07/15/2024,40.22,5,386.66,5,029.79,247.50,25.00,84.38,83.35,440.23,7,446.44
07/22/2024,37.95,5,082.64,4,725.77,247.50,25.00,84.38,83.35,440.23,7,142.42
07/29/2024,40.63,5,441.58,5,084.70,247.50,25.00,84.38,83.35,440.23,7,501.35
08/05/2024,40.78,5,461.67,5,104.79,247.50,25.00,84.38,83.35,440.23,7,521.44
08/12/2024,38.50,5,156.31,4,799.43,247.50,25.00,84.38,83.35,440.23,7,216.08
08/19/2024,36.65,4,908.53,4,551.66,247.50,25.00,84.38,83.35,440.23,6,968.31
08/26/2024,33.05,4,426.39,4,069.51,247.50,25.00,84.38,83.35,440.23,6,486.16
09/02/2024,36.73,4,919.25,4,562.37,247.50,25.00,84.38,83.35,440.23,6,979.02
09/09/2024,36.10,4,834.87,4,478.00,247.50,25.00,84.38,83.35,440.23,6,894.65
09/16/2024,41.03,5,495.15,5,138.27,247.50,25.00,84.38,83.35,440.23,7,554.92
09/23/2024,40.40,5,410.77,5,053.90,247.50,25.00,84.38,83.35,440.23,7,470.55
09/30/2024,39.97,5,353.18,4,996.31,247.50,25.00,84.38,83.35,440.23,7,412.96
10/07/2024,39.48,5,287.56,4,930.68,247.50,25.00,84.38,83.35,440.23,7,347.33
10/14/2024,40.53,5,428.18,5,071.31,247.50,25.00,84.38,83.35,440.23,7,487.96
10/21/2024,42.07,5,634.44,5,277.56,247.50,25.00,84.38,83.35,440.23,7,694.21
10/28/2024,41.35,5,538.01,5,181.13,247.50,25.00,84.38,83.35,440.23,7,597.78
11/04/2024,38.78,5,193.81,4,836.93,247.50,25.00,84.38,83.35,440.23,7,253.58
11/11/2024,40.62,5,440.24,5,083.36,247.50,25.00,84.38,83.35,440.23,7,500.01
11/18/2024,38.37,5,138.89,4,782.02,247.50,25.00,84.38,83.35,440.23,7,198.67
11/25/2024,40.32,5,400.06,5,043.18,247.50,25.00,84.38,83.35,440.23,7,459.83
12/02/2024,37.05,4,962.11,4,605.23,247.50,25.00,84.38,83.35,440.23,7,021.88
12/09/2024,39.33,5,267.47,4,910.59,247.50,25.00,84.38,83.35,440.23,7,327.24
12/16/2024,38.78,5,193.81,4,836.93,247.50,25.00,84.38,83.35,440.23,7,253.58
12/23/2024,38.05,5,096.04,4,739.16,247.50,25.00,84.38,83.35,440.23,7,155.81
12/30/2024,15.60,2,089.31,1,732.43,247.50,25.00,84.38,83.35,440.23,4,149.08

=== Payroll for Tomas Del Rosario ===
Week Start,Hours Worked,Gross Pay,Taxable Pay,SSS,Pag-IBIG,PhilHealth,Withholding Tax,Gross Deductions,Net Pay
06/03/2024,39.25,5,256.75,4,899.88,247.50,25.00,84.38,83.35,440.23,7,316.53
06/10/2024,38.20,5,116.13,4,759.25,247.50,25.00,84.38,83.35,440.23,7,175.90
06/17/2024,40.37,5,406.75,5,049.88,247.50,25.00,84.38,83.35,440.23,7,466.53
06/24/2024,42.70,5,718.81,5,361.94,247.50,25.00,84.38,83.35,440.23,7,778.59
07/01/2024,41.07,5,500.51,5,143.63,247.50,25.00,84.38,83.35,440.23,7,560.28
07/08/2024,38.87,5,205.86,4,848.98,247.50,25.00,84.38,83.35,440.23,7,265.63
07/15/2024,42.62,5,708.10,5,351.22,247.50,25.00,84.38,83.35,440.23,7,767.87
07/22/2024,38.47,5,152.29,4,795.41,247.50,25.00,84.38,83.35,440.23,7,212.06
07/29/2024,42.48,5,689.35,5,332.47,247.50,25.00,84.38,83.35,440.23,7,749.12
08/05/2024,45.17,6,049.62,5,692.74,247.50,25.00,84.38,83.35,440.23,8,109.39
08/12/2024,40.87,5,473.72,5,116.84,247.50,25.00,84.38,83.35,440.23,7,533.49
08/19/2024,43.70,5,852.74,5,495.87,247.50,25.00,84.38,83.35,440.23,7,912.52
08/26/2024,34.72,4,650.05,4,293.17,247.50,25.00,84.38,83.35,440.23,6,709.82
09/02/2024,37.90,5,075.95,4,719.07,247.50,25.00,84.38,83.35,440.23,7,135.72
09/09/2024,35.27,4,723.71,4,366.84,247.50,25.00,84.38,83.35,440.23,6,783.49
09/16/2024,43.80,5,866.13,5,509.26,247.50,25.00,84.38,83.35,440.23,7,925.91
09/23/2024,44.22,5,922.38,5,565.51,247.50,25.00,84.38,83.35,440.23,7,982.16
09/30/2024,40.70,5,450.95,5,094.08,247.50,25.00,84.38,83.35,440.23,7,510.73
10/07/2024,37.98,5,086.66,4,729.79,247.50,25.00,84.38,83.35,440.23,7,146.44
10/14/2024,40.12,5,373.27,5,016.40,247.50,25.00,84.38,83.35,440.23,7,433.05
10/21/2024,35.08,4,698.26,4,341.39,247.50,25.00,84.38,83.35,440.23,6,758.04
10/28/2024,44.15,5,913.01,5,556.13,247.50,25.00,84.38,83.35,440.23,7,972.78
11/04/2024,42.53,5,696.04,5,339.17,247.50,25.00,84.38,83.35,440.23,7,755.82
11/11/2024,37.97,5,085.32,4,728.45,247.50,25.00,84.38,83.35,440.23,7,145.10
11/18/2024,33.90,4,540.23,4,183.35,247.50,25.00,84.38,83.35,440.23,6,600.00
11/25/2024,40.50,5,424.16,5,067.29,247.50,25.00,84.38,83.35,440.23,7,483.94
12/02/2024,36.07,4,830.86,4,473.98,247.50,25.00,84.38,83.35,440.23,6,890.63
12/09/2024,42.57,5,701.40,5,344.53,247.50,25.00,84.38,83.35,440.23,7,761.18
12/16/2024,34.52,4,623.26,4,266.39,247.50,25.00,84.38,83.35,440.23,6,683.04
12/23/2024,37.87,5,071.93,4,715.05,247.50,25.00,84.38,83.35,440.23,7,131.70
12/30/2024,17.95,2,404.04,2,047.17,247.50,25.00,84.38,83.35,440.23,4,463.82

=== Payroll for Jacklyn  Tolentino ===
Week Start,Hours Worked,Gross Pay,Taxable Pay,SSS,Pag-IBIG,PhilHealth,Withholding Tax,Gross Deductions,Net Pay
06/03/2024,35.73,5,104.39,4,725.01,264.38,25.00,90.00,158.35,537.73,7,066.66
06/10/2024,41.65,5,950.12,5,570.74,264.38,25.00,90.00,158.35,537.73,7,912.39
06/17/2024,35.68,5,097.24,4,717.87,264.38,25.00,90.00,158.35,537.73,7,059.52
06/24/2024,35.37,5,052.96,4,673.58,264.38,25.00,90.00,158.35,537.73,7,015.23
07/01/2024,41.93,5,990.12,5,610.74,264.38,25.00,90.00,158.35,537.73,7,952.39
07/08/2024,38.80,5,542.97,5,163.59,264.38,25.00,90.00,158.35,537.73,7,505.24
07/15/2024,34.47,4,924.38,4,545.01,264.38,25.00,90.00,158.35,537.73,6,886.66
07/22/2024,38.92,5,560.11,5,180.74,264.38,25.00,90.00,158.35,537.73,7,522.39
07/29/2024,41.95,5,992.98,5,613.60,264.38,25.00,90.00,158.35,537.73,7,955.25
08/05/2024,40.05,5,721.54,5,342.17,264.38,25.00,90.00,158.35,537.73,7,683.82
08/12/2024,36.95,5,278.68,4,899.30,264.38,25.00,90.00,158.35,537.73,7,240.95
08/19/2024,42.60,6,085.84,5,706.46,264.38,25.00,90.00,158.35,537.73,8,048.11
08/26/2024,38.72,5,531.54,5,152.16,264.38,25.00,90.00,158.35,537.73,7,493.81
09/02/2024,35.82,5,117.25,4,737.87,264.38,25.00,90.00,158.35,537.73,7,079.52
09/09/2024,42.57,6,081.55,5,702.18,264.38,25.00,90.00,158.35,537.73,8,043.83
09/16/2024,38.13,5,447.25,5,067.88,264.38,25.00,90.00,158.35,537.73,7,409.53
09/23/2024,38.18,5,454.39,5,075.02,264.38,25.00,90.00,158.35,537.73,7,416.67
09/30/2024,38.07,5,438.68,5,059.31,264.38,25.00,90.00,158.35,537.73,7,400.96
10/07/2024,38.58,5,511.54,5,132.16,264.38,25.00,90.00,158.35,537.73,7,473.81
10/14/2024,36.23,5,175.82,4,796.44,264.38,25.00,90.00,158.35,537.73,7,138.09
10/21/2024,39.48,5,640.11,5,260.74,264.38,25.00,90.00,158.35,537.73,7,602.39
10/28/2024,43.72,6,245.84,5,866.46,264.38,25.00,90.00,158.35,537.73,8,208.11
11/04/2024,47.47,6,781.56,6,402.19,264.38,25.00,90.00,158.35,537.73,8,743.84
11/11/2024,34.75,4,964.39,4,585.01,264.38,25.00,90.00,158.35,537.73,6,926.66
11/18/2024,41.38,5,911.55,5,532.17,264.38,25.00,90.00,158.35,537.73,7,873.82
11/25/2024,41.33,5,904.40,5,525.03,264.38,25.00,90.00,158.35,537.73,7,866.68
12/02/2024,41.03,5,861.55,5,482.17,264.38,25.00,90.00,158.35,537.73,7,823.82
12/09/2024,39.70,5,671.54,5,292.17,264.38,25.00,90.00,158.35,537.73,7,633.82
12/16/2024,43.02,6,145.84,5,766.46,264.38,25.00,90.00,158.35,537.73,8,108.11
12/23/2024,42.45,6,064.41,5,685.03,264.38,25.00,90.00,158.35,537.73,8,026.68
12/30/2024,17.97,2,567.19,2,187.82,264.38,25.00,90.00,158.35,537.73,4,529.47

=== Payroll for Percival  Gutierrez ===
Week Start,Hours Worked,Gross Pay,Taxable Pay,SSS,Pag-IBIG,PhilHealth,Withholding Tax,Gross Deductions,Net Pay
06/03/2024,39.70,5,848.60,5,455.17,275.62,25.00,92.81,195.85,589.29,7,759.32
06/10/2024,39.48,5,816.19,5,422.76,275.62,25.00,92.81,195.85,589.29,7,726.91
06/17/2024,39.23,5,779.36,5,385.93,275.62,25.00,92.81,195.85,589.29,7,690.08
06/24/2024,41.63,6,132.93,5,739.49,275.62,25.00,92.81,195.85,589.29,8,043.64
07/01/2024,43.92,6,470.29,6,076.86,275.62,25.00,92.81,195.85,589.29,8,381.01
07/08/2024,41.42,6,101.99,5,708.56,275.62,25.00,92.81,195.85,589.29,8,012.71
07/15/2024,34.33,5,057.50,4,664.06,275.62,25.00,92.81,195.85,589.29,6,968.21
07/22/2024,40.78,6,007.71,5,614.27,275.62,25.00,92.81,195.85,589.29,7,918.42
07/29/2024,43.53,6,412.84,6,019.40,275.62,25.00,92.81,195.85,589.29,8,323.55
08/05/2024,44.28,6,523.33,6,129.89,275.62,25.00,92.81,195.85,589.29,8,434.04
08/12/2024,39.20,5,774.94,5,381.51,275.62,25.00,92.81,195.85,589.29,7,685.66
08/19/2024,36.55,5,384.55,4,991.11,275.62,25.00,92.81,195.85,589.29,7,295.26
08/26/2024,42.62,6,278.78,5,885.34,275.62,25.00,92.81,195.85,589.29,8,189.49
09/02/2024,41.13,6,059.27,5,665.83,275.62,25.00,92.81,195.85,589.29,7,969.98
09/09/2024,42.88,6,317.08,5,923.64,275.62,25.00,92.81,195.85,589.29,8,227.79
09/16/2024,44.77,6,595.52,6,202.08,275.62,25.00,92.81,195.85,589.29,8,506.23
09/23/2024,39.20,5,774.94,5,381.51,275.62,25.00,92.81,195.85,589.29,7,685.66
09/30/2024,40.55,5,973.83,5,580.39,275.62,25.00,92.81,195.85,589.29,7,884.54
10/07/2024,40.98,6,037.17,5,643.74,275.62,25.00,92.81,195.85,589.29,7,947.89
10/14/2024,42.72,6,293.51,5,900.07,275.62,25.00,92.81,195.85,589.29,8,204.22
10/21/2024,40.83,6,015.08,5,621.64,275.62,25.00,92.81,195.85,589.29,7,925.79
10/28/2024,33.00,4,861.56,4,468.12,275.62,25.00,92.81,195.85,589.29,6,772.27
11/04/2024,34.03,5,013.30,4,619.86,275.62,25.00,92.81,195.85,589.29,6,924.01
11/11/2024,40.53,5,970.88,5,577.44,275.62,25.00,92.81,195.85,589.29,7,881.59
11/18/2024,39.77,5,858.92,5,465.48,275.62,25.00,92.81,195.85,589.29,7,769.63
11/25/2024,43.98,6,479.13,6,085.70,275.62,25.00,92.81,195.85,589.29,8,389.85
12/02/2024,42.73,6,294.98,5,901.55,275.62,25.00,92.81,195.85,589.29,8,205.70
12/09/2024,40.92,6,028.33,5,634.90,275.62,25.00,92.81,195.85,589.29,7,939.05
12/16/2024,39.85,5,870.70,5,477.26,275.62,25.00,92.81,195.85,589.29,7,781.41
12/23/2024,38.25,5,634.99,5,241.55,275.62,25.00,92.81,195.85,589.29,7,545.70
12/30/2024,17.03,2,508.86,2,115.42,275.62,25.00,92.81,195.85,589.29,4,419.57

=== Payroll for Garfield  Manalaysay ===
Week Start,Hours Worked,Gross Pay,Taxable Pay,SSS,Pag-IBIG,PhilHealth,Withholding Tax,Gross Deductions,Net Pay
06/03/2024,40.95,6,032.75,5,639.32,275.62,25.00,92.81,195.85,589.29,7,943.47
06/10/2024,38.78,5,713.07,5,319.63,275.62,25.00,92.81,195.85,589.29,7,623.78
06/17/2024,41.42,6,101.99,5,708.56,275.62,25.00,92.81,195.85,589.29,8,012.71
06/24/2024,42.15,6,209.54,5,816.10,275.62,25.00,92.81,195.85,589.29,8,120.25
07/01/2024,42.37,6,241.95,5,848.51,275.62,25.00,92.81,195.85,589.29,8,152.66
07/08/2024,41.93,6,177.13,5,783.69,275.62,25.00,92.81,195.85,589.29,8,087.84
07/15/2024,36.15,5,325.62,4,932.18,275.62,25.00,92.81,195.85,589.29,7,236.33
07/22/2024,41.63,6,132.93,5,739.49,275.62,25.00,92.81,195.85,589.29,8,043.64
07/29/2024,38.05,5,605.53,5,212.09,275.62,25.00,92.81,195.85,589.29,7,516.24
08/05/2024,37.73,5,558.38,5,164.95,275.62,25.00,92.81,195.85,589.29,7,469.10
08/12/2024,36.27,5,343.30,4,949.86,275.62,25.00,92.81,195.85,589.29,7,254.01
08/19/2024,40.03,5,897.22,5,503.78,275.62,25.00,92.81,195.85,589.29,7,807.93
08/26/2024,34.75,5,119.37,4,725.93,275.62,25.00,92.81,195.85,589.29,7,030.08
09/02/2024,35.60,5,244.59,4,851.15,275.62,25.00,92.81,195.85,589.29,7,155.30
09/09/2024,38.02,5,601.11,5,207.67,275.62,25.00,92.81,195.85,589.29,7,511.82
09/16/2024,34.90,5,141.47,4,748.03,275.62,25.00,92.81,195.85,589.29,7,052.18
09/23/2024,36.92,5,439.05,5,045.62,275.62,25.00,92.81,195.85,589.29,7,349.77
09/30/2024,38.00,5,598.16,5,204.72,275.62,25.00,92.81,195.85,589.29,7,508.87
10/07/2024,42.92,6,322.97,5,929.54,275.62,25.00,92.81,195.85,589.29,8,233.69
10/14/2024,39.33,5,794.10,5,400.66,275.62,25.00,92.81,195.85,589.29,7,704.81
10/21/2024,37.08,5,462.63,5,069.19,275.62,25.00,92.81,195.85,589.29,7,373.34
10/28/2024,39.50,5,819.14,5,425.70,275.62,25.00,92.81,195.85,589.29,7,729.85
11/04/2024,39.63,5,838.29,5,444.85,275.62,25.00,92.81,195.85,589.29,7,749.00
11/11/2024,41.50,6,113.78,5,720.34,275.62,25.00,92.81,195.85,589.29,8,024.49
11/18/2024,40.92,6,028.33,5,634.90,275.62,25.00,92.81,195.85,589.29,7,939.05
11/25/2024,36.53,5,381.60,4,988.16,275.62,25.00,92.81,195.85,589.29,7,292.31
12/02/2024,39.62,5,836.82,5,443.38,275.62,25.00,92.81,195.85,589.29,7,747.53
12/09/2024,40.08,5,904.59,5,511.15,275.62,25.00,92.81,195.85,589.29,7,815.30
12/16/2024,41.57,6,124.09,5,730.65,275.62,25.00,92.81,195.85,589.29,8,034.80
12/23/2024,37.45,5,517.13,5,123.70,275.62,25.00,92.81,195.85,589.29,7,427.85
12/30/2024,13.07,1,925.47,1,532.03,275.62,25.00,92.81,195.85,589.29,3,836.18

=== Payroll for Lizeth  Villegas ===
Week Start,Hours Worked,Gross Pay,Taxable Pay,SSS,Pag-IBIG,PhilHealth,Withholding Tax,Gross Deductions,Net Pay
06/03/2024,42.42,6,060.12,5,680.75,264.38,25.00,90.00,158.35,537.73,8,022.40
06/10/2024,39.53,5,647.26,5,267.88,264.38,25.00,90.00,158.35,537.73,7,609.53
06/17/2024,42.30,6,042.98,5,663.60,264.38,25.00,90.00,158.35,537.73,8,005.25
06/24/2024,34.03,4,861.53,4,482.15,264.38,25.00,90.00,158.35,537.73,6,823.80
07/01/2024,38.37,5,481.54,5,102.16,264.38,25.00,90.00,158.35,537.73,7,443.81
07/08/2024,41.70,5,957.26,5,577.89,264.38,25.00,90.00,158.35,537.73,7,919.54
07/15/2024,41.95,5,992.98,5,613.60,264.38,25.00,90.00,158.35,537.73,7,955.25
07/22/2024,38.55,5,507.25,5,127.88,264.38,25.00,90.00,158.35,537.73,7,469.53
07/29/2024,40.08,5,725.83,5,346.45,264.38,25.00,90.00,158.35,537.73,7,688.10
08/05/2024,44.30,6,328.70,5,949.32,264.38,25.00,90.00,158.35,537.73,8,290.97
08/12/2024,41.63,5,947.26,5,567.89,264.38,25.00,90.00,158.35,537.73,7,909.54
08/19/2024,37.10,5,300.11,4,920.73,264.38,25.00,90.00,158.35,537.73,7,262.38
08/26/2024,39.08,5,582.97,5,203.59,264.38,25.00,90.00,158.35,537.73,7,545.24
09/02/2024,35.43,5,061.53,4,682.15,264.38,25.00,90.00,158.35,537.73,7,023.80
09/09/2024,40.32,5,760.12,5,380.74,264.38,25.00,90.00,158.35,537.73,7,722.39
09/16/2024,41.70,5,957.26,5,577.89,264.38,25.00,90.00,158.35,537.73,7,919.54
09/23/2024,37.15,5,307.25,4,927.87,264.38,25.00,90.00,158.35,537.73,7,269.52
09/30/2024,39.47,5,638.68,5,259.31,264.38,25.00,90.00,158.35,537.73,7,600.96
10/07/2024,38.95,5,564.40,5,185.02,264.38,25.00,90.00,158.35,537.73,7,526.67
10/14/2024,39.55,5,650.11,5,270.74,264.38,25.00,90.00,158.35,537.73,7,612.39
10/21/2024,40.35,5,764.40,5,385.03,264.38,25.00,90.00,158.35,537.73,7,726.68
10/28/2024,34.32,4,902.96,4,523.58,264.38,25.00,90.00,158.35,537.73,6,865.23
11/04/2024,34.60,4,942.96,4,563.58,264.38,25.00,90.00,158.35,537.73,6,905.23
11/11/2024,40.83,5,832.97,5,453.60,264.38,25.00,90.00,158.35,537.73,7,795.25
11/18/2024,42.03,6,004.41,5,625.03,264.38,25.00,90.00,158.35,537.73,7,966.68
11/25/2024,38.52,5,502.97,5,123.59,264.38,25.00,90.00,158.35,537.73,7,465.24
12/02/2024,37.75,5,392.97,5,013.59,264.38,25.00,90.00,158.35,537.73,7,355.24
12/09/2024,43.17,6,167.27,5,787.89,264.38,25.00,90.00,158.35,537.73,8,129.54
12/16/2024,39.33,5,618.68,5,239.31,264.38,25.00,90.00,158.35,537.73,7,580.96
12/23/2024,37.67,5,381.54,5,002.16,264.38,25.00,90.00,158.35,537.73,7,343.81
12/30/2024,16.53,2,361.48,1,982.10,264.38,25.00,90.00,158.35,537.73,4,323.75

=== Payroll for Carol  Ramos ===
Week Start,Hours Worked,Gross Pay,Taxable Pay,SSS,Pag-IBIG,PhilHealth,Withholding Tax,Gross Deductions,Net Pay
06/03/2024,42.23,5,655.86,5,298.99,247.50,25.00,84.38,83.35,440.23,7,715.64
06/10/2024,39.78,5,327.74,4,970.86,247.50,25.00,84.38,83.35,440.23,7,387.51
06/17/2024,41.37,5,540.68,5,183.81,247.50,25.00,84.38,83.35,440.23,7,600.46
06/24/2024,39.17,5,246.04,4,889.16,247.50,25.00,84.38,83.35,440.23,7,305.81
07/01/2024,43.92,5,882.21,5,525.33,247.50,25.00,84.38,83.35,440.23,7,941.98
07/08/2024,42.40,5,678.63,5,321.76,247.50,25.00,84.38,83.35,440.23,7,738.41
07/15/2024,41.97,5,621.04,5,264.17,247.50,25.00,84.38,83.35,440.23,7,680.82
07/22/2024,40.40,5,410.77,5,053.90,247.50,25.00,84.38,83.35,440.23,7,470.55
07/29/2024,42.12,5,641.13,5,284.26,247.50,25.00,84.38,83.35,440.23,7,700.91
08/05/2024,42.78,5,729.53,5,372.65,247.50,25.00,84.38,83.35,440.23,7,789.30
08/12/2024,42.18,5,649.17,5,292.29,247.50,25.00,84.38,83.35,440.23,7,708.94
08/19/2024,41.50,5,558.10,5,201.22,247.50,25.00,84.38,83.35,440.23,7,617.87
08/26/2024,38.53,5,160.32,4,803.45,247.50,25.00,84.38,83.35,440.23,7,220.10
09/02/2024,34.95,4,680.85,4,323.98,247.50,25.00,84.38,83.35,440.23,6,740.63
09/09/2024,35.33,4,731.75,4,374.87,247.50,25.00,84.38,83.35,440.23,6,791.52
09/16/2024,38.55,5,163.00,4,806.13,247.50,25.00,84.38,83.35,440.23,7,222.78
09/23/2024,37.23,4,986.21,4,629.34,247.50,25.00,84.38,83.35,440.23,7,045.99
09/30/2024,37.10,4,968.80,4,611.93,247.50,25.00,84.38,83.35,440.23,7,028.58
10/07/2024,40.15,5,377.29,5,020.41,247.50,25.00,84.38,83.35,440.23,7,437.06
10/14/2024,41.28,5,528.63,5,171.76,247.50,25.00,84.38,83.35,440.23,7,588.41
10/21/2024,35.62,4,770.59,4,413.71,247.50,25.00,84.38,83.35,440.23,6,830.36
10/28/2024,39.50,5,290.24,4,933.36,247.50,25.00,84.38,83.35,440.23,7,350.01
11/04/2024,40.98,5,488.45,5,131.58,247.50,25.00,84.38,83.35,440.23,7,548.23
11/11/2024,36.57,4,897.82,4,540.95,247.50,25.00,84.38,83.35,440.23,6,957.60
11/18/2024,39.65,5,310.32,4,953.45,247.50,25.00,84.38,83.35,440.23,7,370.10
11/25/2024,39.63,5,307.65,4,950.77,247.50,25.00,84.38,83.35,440.23,7,367.42
12/02/2024,39.98,5,354.52,4,997.65,247.50,25.00,84.38,83.35,440.23,7,414.30
12/09/2024,44.30,5,933.10,5,576.22,247.50,25.00,84.38,83.35,440.23,7,992.87
12/16/2024,40.60,5,437.56,5,080.68,247.50,25.00,84.38,83.35,440.23,7,497.33
12/23/2024,38.15,5,109.43,4,752.55,247.50,25.00,84.38,83.35,440.23,7,169.20
12/30/2024,17.48,2,341.10,1,984.22,247.50,25.00,84.38,83.35,440.23,4,400.87

=== Payroll for Emelia  Maceda ===
Week Start,Hours Worked,Gross Pay,Taxable Pay,SSS,Pag-IBIG,PhilHealth,Withholding Tax,Gross Deductions,Net Pay
06/03/2024,40.38,5,408.09,5,051.22,247.50,25.00,84.38,83.35,440.23,7,467.87
06/10/2024,38.73,5,187.11,4,830.23,247.50,25.00,84.38,83.35,440.23,7,246.88
06/17/2024,39.67,5,313.00,4,956.13,247.50,25.00,84.38,83.35,440.23,7,372.78
06/24/2024,40.08,5,367.91,5,011.04,247.50,25.00,84.38,83.35,440.23,7,427.69
07/01/2024,33.80,4,526.83,4,169.96,247.50,25.00,84.38,83.35,440.23,6,586.61
07/08/2024,39.90,5,343.81,4,986.93,247.50,25.00,84.38,83.35,440.23,7,403.58
07/15/2024,38.70,5,183.09,4,826.22,247.50,25.00,84.38,83.35,440.23,7,242.87
07/22/2024,41.43,5,548.72,5,191.84,247.50,25.00,84.38,83.35,440.23,7,608.49
07/29/2024,38.47,5,152.29,4,795.41,247.50,25.00,84.38,83.35,440.23,7,212.06
08/05/2024,40.77,5,460.33,5,103.45,247.50,25.00,84.38,83.35,440.23,7,520.10
08/12/2024,38.37,5,138.89,4,782.02,247.50,25.00,84.38,83.35,440.23,7,198.67
08/19/2024,45.45,6,087.12,5,730.24,247.50,25.00,84.38,83.35,440.23,8,146.89
08/26/2024,38.77,5,192.47,4,835.59,247.50,25.00,84.38,83.35,440.23,7,252.24
09/02/2024,46.03,6,164.80,5,807.92,247.50,25.00,84.38,83.35,440.23,8,224.57
09/09/2024,38.62,5,172.38,4,815.50,247.50,25.00,84.38,83.35,440.23,7,232.15
09/16/2024,39.17,5,246.04,4,889.16,247.50,25.00,84.38,83.35,440.23,7,305.81
09/23/2024,35.18,4,711.66,4,354.78,247.50,25.00,84.38,83.35,440.23,6,771.43
09/30/2024,39.33,5,267.47,4,910.59,247.50,25.00,84.38,83.35,440.23,7,327.24
10/07/2024,43.48,5,823.28,5,466.40,247.50,25.00,84.38,83.35,440.23,7,883.05
10/14/2024,41.83,5,602.29,5,245.42,247.50,25.00,84.38,83.35,440.23,7,662.07
10/21/2024,37.33,4,999.61,4,642.73,247.50,25.00,84.38,83.35,440.23,7,059.38
10/28/2024,36.02,4,824.16,4,467.28,247.50,25.00,84.38,83.35,440.23,6,883.93
11/04/2024,45.40,6,080.42,5,723.55,247.50,25.00,84.38,83.35,440.23,8,140.20
11/11/2024,43.10,5,772.38,5,415.51,247.50,25.00,84.38,83.35,440.23,7,832.16
11/18/2024,39.08,5,233.98,4,877.11,247.50,25.00,84.38,83.35,440.23,7,293.76
11/25/2024,43.13,5,776.40,5,419.53,247.50,25.00,84.38,83.35,440.23,7,836.18
12/02/2024,42.23,5,655.86,5,298.99,247.50,25.00,84.38,83.35,440.23,7,715.64
12/09/2024,40.57,5,433.54,5,076.67,247.50,25.00,84.38,83.35,440.23,7,493.32
12/16/2024,40.43,5,414.79,5,057.91,247.50,25.00,84.38,83.35,440.23,7,474.56
12/23/2024,41.03,5,495.15,5,138.27,247.50,25.00,84.38,83.35,440.23,7,554.92
12/30/2024,17.07,2,286.19,1,929.31,247.50,25.00,84.38,83.35,440.23,4,345.96

=== Payroll for Delia  Aguilar ===
Week Start,Hours Worked,Gross Pay,Taxable Pay,SSS,Pag-IBIG,PhilHealth,Withholding Tax,Gross Deductions,Net Pay
06/03/2024,38.27,5,125.50,4,768.63,247.50,25.00,84.38,83.35,440.23,7,185.28
06/10/2024,43.95,5,886.22,5,529.35,247.50,25.00,84.38,83.35,440.23,7,946.00
06/17/2024,41.90,5,611.67,5,254.79,247.50,25.00,84.38,83.35,440.23,7,671.44
06/24/2024,40.03,5,361.22,5,004.34,247.50,25.00,84.38,83.35,440.23,7,420.99
07/01/2024,38.97,5,219.25,4,862.38,247.50,25.00,84.38,83.35,440.23,7,279.03
07/08/2024,39.60,5,303.63,4,946.75,247.50,25.00,84.38,83.35,440.23,7,363.40
07/15/2024,36.17,4,844.25,4,487.37,247.50,25.00,84.38,83.35,440.23,6,904.02
07/22/2024,38.67,5,179.07,4,822.20,247.50,25.00,84.38,83.35,440.23,7,238.85
07/29/2024,39.27,5,259.43,4,902.56,247.50,25.00,84.38,83.35,440.23,7,319.21
08/05/2024,41.87,5,607.65,5,250.77,247.50,25.00,84.38,83.35,440.23,7,667.42
08/12/2024,38.87,5,205.86,4,848.98,247.50,25.00,84.38,83.35,440.23,7,265.63
08/19/2024,41.15,5,511.22,5,154.34,247.50,25.00,84.38,83.35,440.23,7,570.99
08/26/2024,48.15,6,448.73,6,091.85,247.50,25.00,84.38,83.35,440.23,8,508.50
09/02/2024,38.00,5,089.34,4,732.47,247.50,25.00,84.38,83.35,440.23,7,149.11
09/09/2024,39.47,5,286.22,4,929.34,247.50,25.00,84.38,83.35,440.23,7,345.99
09/16/2024,41.40,5,544.70,5,187.83,247.50,25.00,84.38,83.35,440.23,7,604.48
09/23/2024,36.50,4,888.45,4,531.57,247.50,25.00,84.38,83.35,440.23,6,948.22
09/30/2024,43.02,5,761.67,5,404.79,247.50,25.00,84.38,83.35,440.23,7,821.44
10/07/2024,35.60,4,767.91,4,411.03,247.50,25.00,84.38,83.35,440.23,6,827.68
10/14/2024,43.73,5,856.76,5,499.88,247.50,25.00,84.38,83.35,440.23,7,916.53
10/21/2024,41.57,5,567.47,5,210.60,247.50,25.00,84.38,83.35,440.23,7,627.25
10/28/2024,44.05,5,899.62,5,542.74,247.50,25.00,84.38,83.35,440.23,7,959.39
11/04/2024,39.25,5,256.75,4,899.88,247.50,25.00,84.38,83.35,440.23,7,316.53
11/11/2024,39.70,5,317.02,4,960.15,247.50,25.00,84.38,83.35,440.23,7,376.80
11/18/2024,37.30,4,995.59,4,638.71,247.50,25.00,84.38,83.35,440.23,7,055.36
11/25/2024,41.27,5,527.29,5,170.42,247.50,25.00,84.38,83.35,440.23,7,587.07
12/02/2024,38.40,5,142.91,4,786.04,247.50,25.00,84.38,83.35,440.23,7,202.69
12/09/2024,39.52,5,292.91,4,936.04,247.50,25.00,84.38,83.35,440.23,7,352.69
12/16/2024,40.65,5,444.25,5,087.38,247.50,25.00,84.38,83.35,440.23,7,504.03
12/23/2024,37.68,5,046.48,4,689.61,247.50,25.00,84.38,83.35,440.23,7,106.26
12/30/2024,12.25,1,640.64,1,283.77,247.50,25.00,84.38,83.35,440.23,3,700.42

=== Payroll for John Rafael Castro ===
Week Start,Hours Worked,Gross Pay,Taxable Pay,SSS,Pag-IBIG,PhilHealth,Withholding Tax,Gross Deductions,Net Pay
06/03/2024,40.47,12,687.75,12,183.99,281.25,25.00,197.51,1,833.56,2,337.32,13,850.42
06/10/2024,43.27,13,565.58,13,061.82,281.25,25.00,197.51,1,833.56,2,337.32,14,728.25
06/17/2024,37.12,11,637.49,11,133.73,281.25,25.00,197.51,1,833.56,2,337.32,12,800.17
06/24/2024,39.68,12,440.08,11,936.31,281.25,25.00,197.51,1,833.56,2,337.32,13,602.75
07/01/2024,38.18,11,969.81,11,466.05,281.25,25.00,197.51,1,833.56,2,337.32,13,132.49
07/08/2024,37.37,11,715.87,11,212.11,281.25,25.00,197.51,1,833.56,2,337.32,12,878.54
07/15/2024,45.72,14,333.68,13,829.91,281.25,25.00,197.51,1,833.56,2,337.32,15,496.35
07/22/2024,38.35,12,023.11,11,519.35,281.25,25.00,197.51,1,833.56,2,337.32,13,185.78
07/29/2024,41.95,13,151.74,12,647.98,281.25,25.00,197.51,1,833.56,2,337.32,14,314.42
08/05/2024,39.83,12,487.10,11,983.34,281.25,25.00,197.51,1,833.56,2,337.32,13,649.78
08/12/2024,37.65,11,803.65,11,299.89,281.25,25.00,197.51,1,833.56,2,337.32,12,966.33
08/19/2024,40.83,12,800.61,12,296.85,281.25,25.00,197.51,1,833.56,2,337.32,13,963.29
08/26/2024,35.92,11,261.28,10,757.52,281.25,25.00,197.51,1,833.56,2,337.32,12,423.95
09/02/2024,44.40,13,919.84,13,416.08,281.25,25.00,197.51,1,833.56,2,337.32,15,082.52
09/09/2024,36.63,11,483.87,10,980.11,281.25,25.00,197.51,1,833.56,2,337.32,12,646.55
09/16/2024,39.18,12,283.32,11,779.56,281.25,25.00,197.51,1,833.56,2,337.32,13,446.00
09/23/2024,39.13,12,267.65,11,763.88,281.25,25.00,197.51,1,833.56,2,337.32,13,430.32
09/30/2024,35.87,11,245.60,10,741.84,281.25,25.00,197.51,1,833.56,2,337.32,12,408.28
10/07/2024,37.02,11,606.14,11,102.38,281.25,25.00,197.51,1,833.56,2,337.32,12,768.82
10/14/2024,42.40,13,292.82,12,789.06,281.25,25.00,197.51,1,833.56,2,337.32,14,455.50
10/21/2024,41.80,13,104.72,12,600.96,281.25,25.00,197.51,1,833.56,2,337.32,14,267.39
10/28/2024,43.67,13,690.98,13,187.22,281.25,25.00,197.51,1,833.56,2,337.32,14,853.66
11/04/2024,39.58,12,408.73,11,904.96,281.25,25.00,197.51,1,833.56,2,337.32,13,571.40
11/11/2024,43.13,13,521.69,13,017.92,281.25,25.00,197.51,1,833.56,2,337.32,14,684.36
11/18/2024,39.23,12,299.00,11,795.23,281.25,25.00,197.51,1,833.56,2,337.32,13,461.67
11/25/2024,41.67,13,063.96,12,560.20,281.25,25.00,197.51,1,833.56,2,337.32,14,226.64
12/02/2024,38.03,11,922.79,11,419.02,281.25,25.00,197.51,1,833.56,2,337.32,13,085.46
12/09/2024,40.25,12,618.78,12,115.01,281.25,25.00,197.51,1,833.56,2,337.32,13,781.45
12/16/2024,36.68,11,499.55,10,995.78,281.25,25.00,197.51,1,833.56,2,337.32,12,662.22
12/23/2024,38.43,12,048.19,11,544.43,281.25,25.00,197.51,1,833.56,2,337.32,13,210.86
12/30/2024,15.47,4,850.00,4,346.24,281.25,25.00,197.51,1,833.56,2,337.32,6,012.67

=== Payroll for Carlos Ian Martinez ===
Week Start,Hours Worked,Gross Pay,Taxable Pay,SSS,Pag-IBIG,PhilHealth,Withholding Tax,Gross Deductions,Net Pay
06/03/2024,39.28,12,314.67,11,810.91,281.25,25.00,197.51,1,833.56,2,337.32,13,477.35
06/10/2024,42.65,13,371.20,12,867.44,281.25,25.00,197.51,1,833.56,2,337.32,14,533.88
06/17/2024,36.40,11,411.76,10,908.00,281.25,25.00,197.51,1,833.56,2,337.32,12,574.44
06/24/2024,38.20,11,976.08,11,472.32,281.25,25.00,197.51,1,833.56,2,337.32,13,138.76
07/01/2024,37.27,11,684.52,11,180.76,281.25,25.00,197.51,1,833.56,2,337.32,12,847.19
07/08/2024,40.10,12,571.75,12,067.99,281.25,25.00,197.51,1,833.56,2,337.32,13,734.43
07/15/2024,41.60,13,042.02,12,538.25,281.25,25.00,197.51,1,833.56,2,337.32,14,204.69
07/22/2024,39.92,12,515.32,12,011.56,281.25,25.00,197.51,1,833.56,2,337.32,13,677.99
07/29/2024,40.07,12,562.35,12,058.58,281.25,25.00,197.51,1,833.56,2,337.32,13,725.02
08/05/2024,38.80,12,164.19,11,660.43,281.25,25.00,197.51,1,833.56,2,337.32,13,326.86
08/12/2024,38.42,12,045.05,11,541.29,281.25,25.00,197.51,1,833.56,2,337.32,13,207.73
08/19/2024,35.90,11,255.01,10,751.25,281.25,25.00,197.51,1,833.56,2,337.32,12,417.68
08/26/2024,36.98,11,593.60,11,089.84,281.25,25.00,197.51,1,833.56,2,337.32,12,756.27
09/02/2024,38.77,12,154.78,11,651.02,281.25,25.00,197.51,1,833.56,2,337.32,13,317.46
09/09/2024,41.05,12,869.59,12,365.82,281.25,25.00,197.51,1,833.56,2,337.32,14,032.26
09/16/2024,39.03,12,236.30,11,732.53,281.25,25.00,197.51,1,833.56,2,337.32,13,398.97
09/23/2024,37.12,11,637.49,11,133.73,281.25,25.00,197.51,1,833.56,2,337.32,12,800.17
09/30/2024,40.62,12,734.78,12,231.01,281.25,25.00,197.51,1,833.56,2,337.32,13,897.45
10/07/2024,37.75,11,835.00,11,331.24,281.25,25.00,197.51,1,833.56,2,337.32,12,997.68
10/14/2024,43.12,13,518.55,13,014.79,281.25,25.00,197.51,1,833.56,2,337.32,14,681.23
10/21/2024,43.48,13,631.41,13,127.65,281.25,25.00,197.51,1,833.56,2,337.32,14,794.09
10/28/2024,36.27,11,371.01,10,867.25,281.25,25.00,197.51,1,833.56,2,337.32,12,533.68
11/04/2024,42.68,13,380.61,12,876.84,281.25,25.00,197.51,1,833.56,2,337.32,14,543.28
11/11/2024,35.12,11,010.47,10,506.71,281.25,25.00,197.51,1,833.56,2,337.32,12,173.15
11/18/2024,39.97,12,530.99,12,027.23,281.25,25.00,197.51,1,833.56,2,337.32,13,693.67
11/25/2024,42.40,13,292.82,12,789.06,281.25,25.00,197.51,1,833.56,2,337.32,14,455.50
12/02/2024,44.83,14,054.65,13,550.89,281.25,25.00,197.51,1,833.56,2,337.32,15,217.33
12/09/2024,37.05,11,615.55,11,111.78,281.25,25.00,197.51,1,833.56,2,337.32,12,778.22
12/16/2024,46.02,14,427.73,13,923.97,281.25,25.00,197.51,1,833.56,2,337.32,15,590.41
12/23/2024,36.50,11,443.11,10,939.35,281.25,25.00,197.51,1,833.56,2,337.32,12,605.79
12/30/2024,18.40,5,768.58,5,264.82,281.25,25.00,197.51,1,833.56,2,337.32,6,931.26

=== Payroll for Beatriz Santos ===
Week Start,Hours Worked,Gross Pay,Taxable Pay,SSS,Pag-IBIG,PhilHealth,Withholding Tax,Gross Deductions,Net Pay
06/03/2024,40.40,12,665.80,12,162.04,281.25,25.00,197.51,1,833.56,2,337.32,13,828.48
06/10/2024,38.25,11,991.76,11,487.99,281.25,25.00,197.51,1,833.56,2,337.32,13,154.43
06/17/2024,37.10,11,631.22,11,127.46,281.25,25.00,197.51,1,833.56,2,337.32,12,793.90
06/24/2024,44.73,14,023.30,13,519.54,281.25,25.00,197.51,1,833.56,2,337.32,15,185.98
07/01/2024,39.07,12,248.84,11,745.07,281.25,25.00,197.51,1,833.56,2,337.32,13,411.51
07/08/2024,38.42,12,045.05,11,541.29,281.25,25.00,197.51,1,833.56,2,337.32,13,207.73
07/15/2024,39.30,12,320.94,11,817.18,281.25,25.00,197.51,1,833.56,2,337.32,13,483.62
07/22/2024,40.18,12,596.83,12,093.07,281.25,25.00,197.51,1,833.56,2,337.32,13,759.51
07/29/2024,38.92,12,201.81,11,698.05,281.25,25.00,197.51,1,833.56,2,337.32,13,364.48
08/05/2024,41.13,12,894.67,12,390.90,281.25,25.00,197.51,1,833.56,2,337.32,14,057.34
08/12/2024,35.37,11,088.85,10,585.09,281.25,25.00,197.51,1,833.56,2,337.32,12,251.52
08/19/2024,36.57,11,465.06,10,961.30,281.25,25.00,197.51,1,833.56,2,337.32,12,627.74
08/26/2024,38.12,11,951.00,11,447.24,281.25,25.00,197.51,1,833.56,2,337.32,13,113.68
09/02/2024,43.05,13,496.61,12,992.84,281.25,25.00,197.51,1,833.56,2,337.32,14,659.28
09/09/2024,42.28,13,255.20,12,751.44,281.25,25.00,197.51,1,833.56,2,337.32,14,417.88
09/16/2024,40.22,12,609.37,12,105.61,281.25,25.00,197.51,1,833.56,2,337.32,13,772.05
09/23/2024,44.15,13,841.47,13,337.70,281.25,25.00,197.51,1,833.56,2,337.32,15,004.14
09/30/2024,40.42,12,672.07,12,168.31,281.25,25.00,197.51,1,833.56,2,337.32,13,834.75
10/07/2024,38.78,12,157.92,11,654.16,281.25,25.00,197.51,1,833.56,2,337.32,13,320.59
10/14/2024,40.82,12,797.48,12,293.72,281.25,25.00,197.51,1,833.56,2,337.32,13,960.15
10/21/2024,42.45,13,308.50,12,804.74,281.25,25.00,197.51,1,833.56,2,337.32,14,471.17
10/28/2024,44.37,13,910.44,13,406.68,281.25,25.00,197.51,1,833.56,2,337.32,15,073.11
11/04/2024,44.55,13,966.87,13,463.11,281.25,25.00,197.51,1,833.56,2,337.32,15,129.55
11/11/2024,41.93,13,145.47,12,641.71,281.25,25.00,197.51,1,833.56,2,337.32,14,308.15
11/18/2024,38.18,11,969.81,11,466.05,281.25,25.00,197.51,1,833.56,2,337.32,13,132.49
11/25/2024,38.90,12,195.54,11,691.78,281.25,25.00,197.51,1,833.56,2,337.32,13,358.21
12/02/2024,43.85,13,747.41,13,243.65,281.25,25.00,197.51,1,833.56,2,337.32,14,910.09
12/09/2024,47.30,14,829.02,14,325.26,281.25,25.00,197.51,1,833.56,2,337.32,15,991.70
12/16/2024,36.95,11,584.19,11,080.43,281.25,25.00,197.51,1,833.56,2,337.32,12,746.87
12/23/2024,41.87,13,126.66,12,622.90,281.25,25.00,197.51,1,833.56,2,337.32,14,289.34
12/30/2024,14.47,4,536.49,4,032.73,281.25,25.00,197.51,1,833.56,2,337.32,5,699.16
